0.3080,-0.5000,-0.7860,0.8020,0.2520,0.3920,0.1160
0.3068,-0.4962,-0.7740,0.7762,0.2551,0.3939,0.1101
0.3063,-0.4926,-0.7623,0.7509,0.2581,0.3954,0.1041
0.3076,-0.4905,-0.7510,0.7293,0.2609,0.3963,0.0980
0.3081,-0.4959,-0.7442,0.7277,0.2635,0.3967,0.0918
0.3080,-0.5038,-0.7390,0.7322,0.2661,0.3970,0.0857
0.3079,-0.5117,-0.7339,0.7367,0.2685,0.3975,0.0798
0.3078,-0.5195,-0.7289,0.7411,0.2710,0.3982,0.0741
0.3077,-0.5272,-0.7240,0.7454,0.2734,0.3990,0.0687
0.3077,-0.5349,-0.7192,0.7496,0.2758,0.3999,0.0635
0.3076,-0.5426,-0.7146,0.7539,0.2781,0.4010,0.0585
0.3075,-0.5502,-0.7101,0.7580,0.2804,0.4022,0.0537
0.3074,-0.5578,-0.7058,0.7621,0.2827,0.4036,0.0490
0.3074,-0.5654,-0.7015,0.7661,0.2850,0.4050,0.0446
0.3074,-0.5729,-0.6974,0.7701,0.2872,0.4066,0.0404
0.3074,-0.5804,-0.6933,0.7741,0.2894,0.4083,0.0363
0.3074,-0.5879,-0.6894,0.7781,0.2915,0.4101,0.0324
0.3075,-0.5954,-0.6856,0.7820,0.2937,0.4121,0.0287
0.3075,-0.6029,-0.6819,0.7860,0.2958,0.4141,0.0252
0.3077,-0.6103,-0.6783,0.7898,0.2979,0.4162,0.0218
0.3078,-0.6178,-0.6748,0.7938,0.3000,0.4185,0.0186
0.3080,-0.6252,-0.6714,0.7978,0.3020,0.4208,0.0155
0.3082,-0.6326,-0.6681,0.8017,0.3040,0.4233,0.0126
0.3084,-0.6401,-0.6649,0.8057,0.3060,0.4258,0.0098
0.3087,-0.6475,-0.6618,0.8097,0.3080,0.4285,0.0072
0.3090,-0.6549,-0.6588,0.8137,0.3099,0.4312,0.0047
0.3094,-0.6623,-0.6559,0.8177,0.3119,0.4340,0.0023
0.3098,-0.6698,-0.6530,0.8218,0.3138,0.4369,0.0001
0.3102,-0.6772,-0.6503,0.8259,0.3157,0.4399,-0.0020
0.3107,-0.6847,-0.6476,0.8301,0.3175,0.4430,-0.0040
0.3112,-0.6921,-0.6450,0.8343,0.3194,0.4461,-0.0058
0.3117,-0.6996,-0.6425,0.8385,0.3212,0.4494,-0.0076
0.3123,-0.7071,-0.6401,0.8428,0.3230,0.4527,-0.0092
0.3129,-0.7145,-0.6377,0.8471,0.3248,0.4561,-0.0107
0.3135,-0.7218,-0.6354,0.8515,0.3265,0.4596,-0.0121
0.3142,-0.7289,-0.6332,0.8560,0.3283,0.4631,-0.0134
0.3149,-0.7360,-0.6311,0.8606,0.3300,0.4668,-0.0147
0.3156,-0.7429,-0.6290,0.8652,0.3317,0.4704,-0.0158
0.3164,-0.7497,-0.6270,0.8699,0.3333,0.4742,-0.0168
0.3171,-0.7565,-0.6250,0.8747,0.3350,0.4780,-0.0178
0.3179,-0.7631,-0.6231,0.8795,0.3366,0.4819,-0.0186
0.3187,-0.7696,-0.6213,0.8845,0.3383,0.4858,-0.0194
0.3196,-0.7760,-0.6195,0.8894,0.3399,0.4898,-0.0202
0.3204,-0.7823,-0.6177,0.8945,0.3415,0.4939,-0.0208
0.3213,-0.7885,-0.6161,0.8997,0.3430,0.4980,-0.0214
0.3222,-0.7947,-0.6144,0.9049,0.3446,0.5021,-0.0219
0.3231,-0.8007,-0.6128,0.9102,0.3461,0.5063,-0.0224
0.3240,-0.8067,-0.6112,0.9156,0.3476,0.5106,-0.0228
0.3249,-0.8126,-0.6097,0.9211,0.3491,0.5148,-0.0231
0.3258,-0.8184,-0.6082,0.9267,0.3506,0.5192,-0.0234
0.3268,-0.8241,-0.6068,0.9323,0.3521,0.5235,-0.0237
0.3277,-0.8297,-0.6054,0.9380,0.3535,0.5279,-0.0239
0.3287,-0.8353,-0.6040,0.9435,0.3550,0.5324,-0.0241
0.3296,-0.8409,-0.6027,0.9491,0.3564,0.5368,-0.0242
0.3305,-0.8463,-0.6014,0.9545,0.3578,0.5413,-0.0243
0.3314,-0.8518,-0.6002,0.9599,0.3591,0.5459,-0.0243
0.3323,-0.8572,-0.5990,0.9653,0.3605,0.5504,-0.0243
0.3332,-0.8625,-0.5979,0.9705,0.3619,0.5550,-0.0243
0.3340,-0.8678,-0.5968,0.9758,0.3632,0.5596,-0.0243
0.3349,-0.8730,-0.5958,0.9810,0.3645,0.5643,-0.0242
0.3358,-0.8782,-0.5947,0.9862,0.3658,0.5689,-0.0241
0.3367,-0.8836,-0.5938,0.9916,0.3670,0.5736,-0.0240
0.3380,-0.8899,-0.5931,0.9986,0.3682,0.5782,-0.0238
0.3397,-0.8980,-0.5929,1.0086,0.3692,0.5830,-0.0237
0.3416,-0.9079,-0.5934,1.0215,0.3699,0.5877,-0.0235
0.3427,-0.9185,-0.5948,1.0358,0.3705,0.5926,-0.0232
0.3420,-0.9278,-0.5968,1.0483,0.3709,0.5975,-0.0230
0.3411,-0.9368,-0.5988,1.0602,0.3714,0.6025,-0.0227
0.3415,-0.9410,-0.5980,1.0640,0.3726,0.6067,-0.0223
0.3419,-0.9451,-0.5973,1.0677,0.3738,0.6110,-0.0220
0.3423,-0.9491,-0.5966,1.0714,0.3750,0.6153,-0.0217
0.3427,-0.9532,-0.5959,1.0751,0.3762,0.6196,-0.0213
0.3431,-0.9572,-0.5952,1.0788,0.3773,0.6240,-0.0210
0.3435,-0.9612,-0.5946,1.0824,0.3784,0.6284,-0.0206
0.3439,-0.9652,-0.5939,1.0860,0.3796,0.6328,-0.0203
0.3442,-0.9691,-0.5933,1.0896,0.3807,0.6372,-0.0199
0.3446,-0.9731,-0.5927,1.0932,0.3817,0.6417,-0.0195
0.3449,-0.9770,-0.5921,1.0968,0.3828,0.6462,-0.0191
0.3452,-0.9808,-0.5916,1.1003,0.3839,0.6507,-0.0188
0.3456,-0.9847,-0.5910,1.1038,0.3849,0.6552,-0.0184
0.3459,-0.9885,-0.5905,1.1073,0.3859,0.6598,-0.0180
0.3462,-0.9923,-0.5900,1.1107,0.3869,0.6644,-0.0176
0.3464,-0.9961,-0.5895,1.1142,0.3879,0.6690,-0.0172
0.3467,-0.9998,-0.5890,1.1176,0.3889,0.6737,-0.0169
0.3470,-1.0035,-0.5886,1.1210,0.3898,0.6783,-0.0165
0.3472,-1.0072,-0.5881,1.1243,0.3908,0.6830,-0.0161
0.3475,-1.0109,-0.5877,1.1277,0.3917,0.6877,-0.0157
0.3477,-1.0146,-0.5873,1.1310,0.3926,0.6925,-0.0153
0.3479,-1.0182,-0.5869,1.1343,0.3935,0.6972,-0.0150
0.3481,-1.0218,-0.5865,1.1376,0.3944,0.7020,-0.0146
0.3483,-1.0254,-0.5861,1.1409,0.3953,0.7068,-0.0142
0.3485,-1.0290,-0.5857,1.1441,0.3961,0.7116,-0.0139
0.3487,-1.0326,-0.5854,1.1474,0.3969,0.7164,-0.0135
0.3488,-1.0361,-0.5850,1.1506,0.3978,0.7213,-0.0131
0.3489,-1.0396,-0.5847,1.1538,0.3986,0.7261,-0.0128
0.3491,-1.0431,-0.5844,1.1569,0.3994,0.7310,-0.0124
0.3492,-1.0466,-0.5841,1.1601,0.4002,0.7359,-0.0121
0.3493,-1.0500,-0.5838,1.1632,0.4009,0.7408,-0.0117
0.3494,-1.0535,-0.5836,1.1663,0.4017,0.7458,-0.0114
0.3494,-1.0569,-0.5833,1.1694,0.4024,0.7507,-0.0111
0.3495,-1.0603,-0.5831,1.1725,0.4031,0.7557,-0.0107
0.3495,-1.0636,-0.5828,1.1756,0.4039,0.7607,-0.0104
0.3496,-1.0670,-0.5826,1.1786,0.4046,0.7657,-0.0101
0.3496,-1.0703,-0.5824,1.1816,0.4053,0.7707,-0.0098
0.3496,-1.0736,-0.5822,1.1846,0.4059,0.7757,-0.0095
0.3496,-1.0769,-0.5820,1.1876,0.4066,0.7808,-0.0092
0.3495,-1.0802,-0.5818,1.1905,0.4072,0.7859,-0.0089
0.3495,-1.0835,-0.5817,1.1935,0.4079,0.7909,-0.0086
0.3494,-1.0867,-0.5815,1.1964,0.4085,0.7960,-0.0084
0.3493,-1.0899,-0.5814,1.1993,0.4091,0.8011,-0.0081
0.3492,-1.0931,-0.5813,1.2022,0.4097,0.8062,-0.0078
0.3491,-1.0963,-0.5812,1.2051,0.4103,0.8114,-0.0076
0.3490,-1.0995,-0.5810,1.2079,0.4109,0.8165,-0.0074
0.3489,-1.1026,-0.5810,1.2108,0.4114,0.8217,-0.0071
0.3487,-1.1058,-0.5809,1.2136,0.4120,0.8268,-0.0069
0.3485,-1.1089,-0.5808,1.2164,0.4125,0.8320,-0.0067
0.3483,-1.1120,-0.5807,1.2191,0.4130,0.8372,-0.0065
0.3481,-1.1151,-0.5807,1.2219,0.4136,0.8424,-0.0063
0.3479,-1.1181,-0.5807,1.2246,0.4141,0.8476,-0.0061
0.3476,-1.1212,-0.5806,1.2273,0.4146,0.8529,-0.0059
0.3473,-1.1242,-0.5806,1.2300,0.4150,0.8581,-0.0057
0.3470,-1.1272,-0.5806,1.2327,0.4155,0.8633,-0.0056
0.3467,-1.1302,-0.5806,1.2354,0.4160,0.8686,-0.0054
0.3464,-1.1331,-0.5806,1.2380,0.4164,0.8739,-0.0053
0.3461,-1.1361,-0.5807,1.2406,0.4168,0.8791,-0.0052
0.3457,-1.1390,-0.5807,1.2432,0.4173,0.8844,-0.0050
0.3453,-1.1419,-0.5807,1.2458,0.4177,0.8897,-0.0049
0.3449,-1.1448,-0.5808,1.2483,0.4181,0.8950,-0.0048
0.3445,-1.1476,-0.5809,1.2509,0.4185,0.9003,-0.0047
0.3440,-1.1505,-0.5810,1.2534,0.4189,0.9057,-0.0047
0.3435,-1.1533,-0.5811,1.2559,0.4192,0.9110,-0.0046
0.3430,-1.1561,-0.5812,1.2584,0.4196,0.9163,-0.0045
0.3425,-1.1589,-0.5813,1.2608,0.4199,0.9217,-0.0045
0.3420,-1.1617,-0.5814,1.2632,0.4203,0.9270,-0.0044
0.3414,-1.1644,-0.5816,1.2656,0.4206,0.9324,-0.0044
0.3409,-1.1672,-0.5817,1.2680,0.4209,0.9377,-0.0044
0.3403,-1.1699,-0.5819,1.2704,0.4212,0.9431,-0.0044
0.3396,-1.1725,-0.5821,1.2727,0.4216,0.9485,-0.0044
0.3390,-1.1752,-0.5823,1.2751,0.4218,0.9539,-0.0044
0.3383,-1.1778,-0.5825,1.2774,0.4221,0.9592,-0.0044
0.3376,-1.1805,-0.5827,1.2796,0.4224,0.9646,-0.0044
0.3369,-1.1831,-0.5829,1.2819,0.4227,0.9700,-0.0045
0.3362,-1.1856,-0.5832,1.2841,0.4229,0.9754,-0.0045
0.3354,-1.1882,-0.5834,1.2863,0.4232,0.9808,-0.0046
0.3346,-1.1907,-0.5837,1.2885,0.4234,0.9862,-0.0047
0.3338,-1.1932,-0.5840,1.2907,0.4236,0.9917,-0.0048
0.3330,-1.1957,-0.5842,1.2928,0.4238,0.9971,-0.0048
0.3321,-1.1982,-0.5846,1.2949,0.4240,1.0025,-0.0050
0.3312,-1.2007,-0.5849,1.2970,0.4242,1.0080,-0.0051
0.3303,-1.2032,-0.5853,1.2992,0.4243,1.0136,-0.0052
0.3291,-1.2064,-0.5861,1.3020,0.4242,1.0200,-0.0053
0.3273,-1.2102,-0.5875,1.3053,0.4237,1.0272,-0.0055
0.3247,-1.2139,-0.5896,1.3088,0.4228,1.0344,-0.0057
0.3215,-1.2173,-0.5921,1.3119,0.4218,1.0411,-0.0058
0.3186,-1.2209,-0.5946,1.3152,0.4207,1.0483,-0.0060
0.3155,-1.2245,-0.5970,1.3185,0.4197,1.0555,-0.0063
0.3125,-1.2280,-0.5994,1.3216,0.4186,1.0626,-0.0065
0.3095,-1.2314,-0.6018,1.3246,0.4176,1.0697,-0.0067
0.3065,-1.2347,-0.6042,1.3275,0.4166,1.0768,-0.0070
0.3034,-1.2378,-0.6065,1.3302,0.4156,1.0837,-0.0073
0.3003,-1.2408,-0.6089,1.3329,0.4146,1.0907,-0.0076
0.2972,-1.2438,-0.6112,1.3354,0.4135,1.0976,-0.0079
0.2941,-1.2466,-0.6135,1.3378,0.4125,1.1044,-0.0082
0.2910,-1.2494,-0.6157,1.3402,0.4116,1.1111,-0.0085
0.2879,-1.2521,-0.6180,1.3424,0.4106,1.1179,-0.0089
0.2848,-1.2546,-0.6203,1.3446,0.4096,1.1245,-0.0093
0.2817,-1.2571,-0.6225,1.3467,0.4086,1.1312,-0.0096
0.2785,-1.2595,-0.6247,1.3486,0.4077,1.1377,-0.0100
0.2754,-1.2618,-0.6269,1.3505,0.4067,1.1441,-0.0104
0.2722,-1.2640,-0.6290,1.3523,0.4058,1.1506,-0.0109
0.2690,-1.2661,-0.6312,1.3540,0.4049,1.1570,-0.0113
0.2659,-1.2681,-0.6333,1.3556,0.4040,1.1633,-0.0118
0.2627,-1.2701,-0.6354,1.3571,0.4031,1.1696,-0.0122
0.2595,-1.2720,-0.6375,1.3586,0.4022,1.1758,-0.0127
0.2563,-1.2738,-0.6396,1.3600,0.4013,1.1819,-0.0132
0.2531,-1.2755,-0.6417,1.3613,0.4004,1.1880,-0.0137
0.2500,-1.2772,-0.6437,1.3626,0.3996,1.1941,-0.0142
0.2468,-1.2788,-0.6457,1.3638,0.3987,1.2001,-0.0147
0.2436,-1.2803,-0.6477,1.3649,0.3979,1.2060,-0.0152
0.2404,-1.2817,-0.6497,1.3660,0.3971,1.2119,-0.0157
0.2372,-1.2831,-0.6517,1.3670,0.3962,1.2177,-0.0163
0.2340,-1.2844,-0.6536,1.3679,0.3954,1.2235,-0.0168
0.2308,-1.2856,-0.6555,1.3688,0.3946,1.2292,-0.0174
0.2276,-1.2868,-0.6575,1.3696,0.3939,1.2349,-0.0180
0.2244,-1.2879,-0.6594,1.3704,0.3931,1.2405,-0.0185
0.2212,-1.2890,-0.6612,1.3711,0.3923,1.2461,-0.0191
0.2180,-1.2900,-0.6631,1.3717,0.3916,1.2516,-0.0197
0.2149,-1.2910,-0.6649,1.3724,0.3908,1.2571,-0.0203
0.2117,-1.2918,-0.6667,1.3729,0.3901,1.2625,-0.0209
0.2085,-1.2926,-0.6685,1.3734,0.3894,1.2678,-0.0215
0.2053,-1.2934,-0.6703,1.3738,0.3887,1.2731,-0.0221
0.2021,-1.2941,-0.6721,1.3742,0.3880,1.2784,-0.0227
0.1990,-1.2948,-0.6738,1.3746,0.3873,1.2836,-0.0234
0.1958,-1.2954,-0.6756,1.3749,0.3867,1.2887,-0.0240
0.1927,-1.2959,-0.6773,1.3752,0.3860,1.2938,-0.0246
0.1895,-1.2965,-0.6790,1.3754,0.3853,1.2989,-0.0253
0.1864,-1.2969,-0.6807,1.3756,0.3847,1.3039,-0.0259
0.1832,-1.2973,-0.6823,1.3758,0.3841,1.3088,-0.0265
0.1801,-1.2977,-0.6840,1.3759,0.3835,1.3138,-0.0272
0.1770,-1.2981,-0.6856,1.3760,0.3829,1.3186,-0.0278
0.1738,-1.2983,-0.6872,1.3760,0.3823,1.3234,-0.0285
0.1707,-1.2986,-0.6888,1.3761,0.3817,1.3282,-0.0291
0.1676,-1.2988,-0.6904,1.3760,0.3811,1.3329,-0.0298
0.1645,-1.2989,-0.6920,1.3760,0.3805,1.3376,-0.0304
0.1614,-1.2991,-0.6935,1.3759,0.3800,1.3422,-0.0311
0.1584,-1.2992,-0.6950,1.3758,0.3794,1.3468,-0.0317
0.1553,-1.2992,-0.6966,1.3756,0.3789,1.3514,-0.0324
0.1522,-1.2992,-0.6981,1.3755,0.3784,1.3559,-0.0330
0.1492,-1.2992,-0.6995,1.3752,0.3778,1.3603,-0.0337
0.1461,-1.2991,-0.7010,1.3750,0.3773,1.3647,-0.0343
0.1431,-1.2990,-0.7025,1.3747,0.3768,1.3691,-0.0349
0.1400,-1.2989,-0.7039,1.3745,0.3763,1.3734,-0.0356
0.1370,-1.2988,-0.7053,1.3742,0.3759,1.3777,-0.0362
0.1340,-1.2986,-0.7067,1.3738,0.3754,1.3819,-0.0369
0.1310,-1.2983,-0.7081,1.3735,0.3749,1.3861,-0.0375
0.1280,-1.2981,-0.7095,1.3731,0.3745,1.3902,-0.0381
0.1251,-1.2978,-0.7108,1.3727,0.3740,1.3943,-0.0388
0.1221,-1.2975,-0.7122,1.3722,0.3736,1.3984,-0.0394
0.1191,-1.2972,-0.7135,1.3718,0.3732,1.4025,-0.0400
0.1162,-1.2968,-0.7148,1.3713,0.3727,1.4064,-0.0407
0.1133,-1.2964,-0.7161,1.3708,0.3723,1.4103,-0.0413
0.1103,-1.2960,-0.7174,1.3703,0.3719,1.4142,-0.0419
0.1074,-1.2956,-0.7187,1.3698,0.3715,1.4181,-0.0425
0.1045,-1.2951,-0.7199,1.3692,0.3711,1.4219,-0.0431
0.1016,-1.2946,-0.7212,1.3687,0.3708,1.4257,-0.0437
0.0988,-1.2941,-0.7224,1.3681,0.3704,1.4295,-0.0443
0.0959,-1.2936,-0.7236,1.3675,0.3700,1.4332,-0.0449
0.0930,-1.2931,-0.7248,1.3669,0.3697,1.4369,-0.0455
0.0902,-1.2925,-0.7260,1.3662,0.3693,1.4405,-0.0461
0.0874,-1.2919,-0.7272,1.3656,0.3690,1.4441,-0.0467
0.0845,-1.2913,-0.7283,1.3649,0.3687,1.4477,-0.0472
0.0817,-1.2907,-0.7295,1.3643,0.3683,1.4512,-0.0478
0.0790,-1.2900,-0.7306,1.3636,0.3680,1.4547,-0.0484
0.0762,-1.2894,-0.7317,1.3629,0.3677,1.4582,-0.0489
0.0734,-1.2887,-0.7328,1.3622,0.3674,1.4616,-0.0495
0.0707,-1.2880,-0.7339,1.3614,0.3671,1.4650,-0.0500
0.0679,-1.2873,-0.7350,1.3607,0.3668,1.4683,-0.0506
0.0652,-1.2866,-0.7361,1.3600,0.3665,1.4717,-0.0511
0.0625,-1.2858,-0.7371,1.3592,0.3662,1.4750,-0.0516
0.0598,-1.2851,-0.7382,1.3584,0.3659,1.4782,-0.0521
0.0571,-1.2843,-0.7392,1.3576,0.3657,1.4814,-0.0526
0.0544,-1.2835,-0.7402,1.3568,0.3654,1.4846,-0.0531
0.0518,-1.2827,-0.7412,1.3560,0.3652,1.4878,-0.0536
0.0491,-1.2819,-0.7422,1.3552,0.3649,1.4909,-0.0541
0.0465,-1.2811,-0.7432,1.3544,0.3647,1.4940,-0.0546
0.0438,-1.2803,-0.7442,1.3536,0.3644,1.4971,-0.0551
0.0412,-1.2795,-0.7451,1.3527,0.3642,1.5001,-0.0556
0.0386,-1.2786,-0.7461,1.3519,0.3640,1.5032,-0.0560
0.0361,-1.2777,-0.7470,1.3510,0.3638,1.5061,-0.0565
0.0335,-1.2769,-0.7479,1.3502,0.3635,1.5091,-0.0569
0.0309,-1.2760,-0.7488,1.3493,0.3633,1.5120,-0.0574
0.0284,-1.2751,-0.7498,1.3484,0.3631,1.5149,-0.0578
0.0259,-1.2742,-0.7506,1.3476,0.3629,1.5178,-0.0582
0.0242,-1.2748,-0.7516,1.3485,0.3627,1.5185,-0.0587
0.0227,-1.2758,-0.7526,1.3498,0.3625,1.5187,-0.0591
0.0213,-1.2767,-0.7536,1.3510,0.3623,1.5190,-0.0595
0.0198,-1.2776,-0.7546,1.3522,0.3621,1.5193,-0.0599
0.0183,-1.2785,-0.7555,1.3534,0.3619,1.5196,-0.0603
0.0169,-1.2793,-0.7565,1.3546,0.3617,1.5198,-0.0607
0.0154,-1.2802,-0.7574,1.3557,0.3615,1.5201,-0.0611
0.0139,-1.2810,-0.7583,1.3568,0.3614,1.5204,-0.0615
0.0125,-1.2818,-0.7593,1.3579,0.3612,1.5208,-0.0619
0.0110,-1.2826,-0.7602,1.3589,0.3611,1.5211,-0.0623
0.0096,-1.2833,-0.7611,1.3600,0.3609,1.5214,-0.0626
0.0081,-1.2841,-0.7619,1.3610,0.3608,1.5217,-0.0630
0.0067,-1.2848,-0.7628,1.3619,0.3607,1.5221,-0.0634
0.0053,-1.2855,-0.7637,1.3629,0.3605,1.5224,-0.0638
0.0038,-1.2862,-0.7645,1.3638,0.3604,1.5228,-0.0642
0.0024,-1.2869,-0.7654,1.3647,0.3603,1.5231,-0.0645
0.0009,-1.2876,-0.7662,1.3655,0.3602,1.5235,-0.0649
-0.0005,-1.2882,-0.7670,1.3664,0.3601,1.5239,-0.0652
-0.0020,-1.2888,-0.7679,1.3671,0.3600,1.5244,-0.0656
-0.0037,-1.2889,-0.7687,1.3673,0.3599,1.5256,-0.0659
-0.0058,-1.2884,-0.7695,1.3669,0.3598,1.5274,-0.0663
-0.0081,-1.2873,-0.7702,1.3658,0.3598,1.5299,-0.0666
-0.0105,-1.2861,-0.7708,1.3646,0.3597,1.5326,-0.0670
-0.0128,-1.2849,-0.7715,1.3634,0.3597,1.5353,-0.0673
-0.0152,-1.2837,-0.7722,1.3622,0.3596,1.5379,-0.0676
-0.0175,-1.2825,-0.7728,1.3610,0.3595,1.5405,-0.0679
-0.0198,-1.2813,-0.7734,1.3598,0.3595,1.5431,-0.0682
-0.0221,-1.2801,-0.7741,1.3585,0.3594,1.5456,-0.0685
-0.0243,-1.2789,-0.7747,1.3573,0.3594,1.5482,-0.0688
-0.0266,-1.2776,-0.7753,1.3561,0.3594,1.5507,-0.0691
-0.0288,-1.2764,-0.7759,1.3549,0.3593,1.5531,-0.0693
-0.0311,-1.2752,-0.7765,1.3537,0.3593,1.5556,-0.0696
-0.0333,-1.2740,-0.7771,1.3525,0.3592,1.5580,-0.0698
-0.0355,-1.2728,-0.7777,1.3513,0.3592,1.5604,-0.0701
-0.0377,-1.2716,-0.7783,1.3501,0.3592,1.5628,-0.0703
-0.0398,-1.2704,-0.7788,1.3489,0.3591,1.5652,-0.0705
-0.0419,-1.2694,-0.7794,1.3480,0.3591,1.5675,-0.0707
-0.0434,-1.2692,-0.7800,1.3480,0.3590,1.5697,-0.0710
-0.0451,-1.2687,-0.7806,1.3476,0.3590,1.5716,-0.0712
-0.0469,-1.2682,-0.7813,1.3472,0.3590,1.5735,-0.0714
-0.0486,-1.2676,-0.7819,1.3468,0.3590,1.5754,-0.0716
-0.0504,-1.2670,-0.7825,1.3463,0.3590,1.5772,-0.0718
-0.0523,-1.2663,-0.7831,1.3457,0.3590,1.5791,-0.0719
-0.0541,-1.2656,-0.7837,1.3451,0.3590,1.5809,-0.0721
-0.0560,-1.2648,-0.7843,1.3444,0.3589,1.5828,-0.0723
-0.0579,-1.2640,-0.7850,1.3437,0.3589,1.5846,-0.0725
-0.0598,-1.2631,-0.7856,1.3429,0.3589,1.5864,-0.0726
-0.0618,-1.2622,-0.7862,1.3421,0.3588,1.5882,-0.0728
-0.0638,-1.2612,-0.7868,1.3412,0.3588,1.5899,-0.0729
-0.0658,-1.2602,-0.7874,1.3402,0.3588,1.5917,-0.0731
-0.0678,-1.2592,-0.7881,1.3392,0.3587,1.5935,-0.0732
-0.0699,-1.2581,-0.7887,1.3382,0.3587,1.5952,-0.0733
-0.0720,-1.2570,-0.7893,1.3371,0.3586,1.5969,-0.0735
-0.0741,-1.2558,-0.7899,1.3359,0.3586,1.5986,-0.0736
-0.0762,-1.2546,-0.7906,1.3348,0.3585,1.6002,-0.0737
-0.0783,-1.2534,-0.7912,1.3335,0.3585,1.6019,-0.0738
-0.0805,-1.2521,-0.7918,1.3323,0.3584,1.6035,-0.0738
-0.0826,-1.2508,-0.7925,1.3309,0.3584,1.6051,-0.0739
-0.0848,-1.2494,-0.7931,1.3296,0.3583,1.6066,-0.0740
-0.0870,-1.2480,-0.7937,1.3282,0.3582,1.6081,-0.0741
-0.0893,-1.2466,-0.7944,1.3267,0.3581,1.6095,-0.0741
-0.0916,-1.2450,-0.7951,1.3250,0.3581,1.6106,-0.0742
-0.0941,-1.2433,-0.7958,1.3231,0.3580,1.6113,-0.0742
-0.0966,-1.2413,-0.7965,1.3210,0.3581,1.6116,-0.0742
-0.0991,-1.2393,-0.7972,1.3187,0.3582,1.6114,-0.0742
-0.1017,-1.2370,-0.7979,1.3161,0.3584,1.6108,-0.0742
-0.1042,-1.2345,-0.7984,1.3132,0.3587,1.6098,-0.0742
-0.1066,-1.2319,-0.7988,1.3100,0.3593,1.6083,-0.0742
-0.1089,-1.2291,-0.7990,1.3067,0.3600,1.6065,-0.0742
-0.1111,-1.2263,-0.7991,1.3032,0.3607,1.6046,-0.0741
-0.1132,-1.2235,-0.7992,1.2998,0.3615,1.6027,-0.0740
-0.1154,-1.2207,-0.7993,1.2964,0.3623,1.6008,-0.0739
-0.1175,-1.2180,-0.7995,1.2931,0.3631,1.5989,-0.0739
-0.1196,-1.2153,-0.7996,1.2897,0.3638,1.5970,-0.0737
-0.1217,-1.2126,-0.7997,1.2864,0.3646,1.5952,-0.0736
-0.1238,-1.2100,-0.7997,1.2831,0.3653,1.5934,-0.0735
-0.1258,-1.2073,-0.7998,1.2798,0.3661,1.5916,-0.0733
-0.1279,-1.2047,-0.7999,1.2766,0.3668,1.5898,-0.0732
-0.1299,-1.2022,-0.8000,1.2733,0.3676,1.5881,-0.0730
-0.1319,-1.1996,-0.8001,1.2701,0.3683,1.5863,-0.0728
-0.1339,-1.1971,-0.8002,1.2670,0.3690,1.5846,-0.0727
-0.1358,-1.1946,-0.8002,1.2638,0.3697,1.5829,-0.0725
-0.1378,-1.1921,-0.8003,1.2607,0.3705,1.5813,-0.0723
-0.1397,-1.1896,-0.8004,1.2575,0.3712,1.5796,-0.0720
-0.1416,-1.1872,-0.8004,1.2544,0.3719,1.5780,-0.0718
-0.1435,-1.1848,-0.8005,1.2514,0.3726,1.5764,-0.0716
-0.1454,-1.1824,-0.8005,1.2483,0.3733,1.5748,-0.0713
-0.1472,-1.1801,-0.8006,1.2453,0.3740,1.5732,-0.0711
-0.1491,-1.1777,-0.8006,1.2423,0.3747,1.5716,-0.0708
-0.1509,-1.1754,-0.8007,1.2393,0.3754,1.5701,-0.0706
-0.1527,-1.1731,-0.8007,1.2363,0.3760,1.5686,-0.0703
-0.1545,-1.1708,-0.8007,1.2334,0.3767,1.5671,-0.0700
-0.1563,-1.1686,-0.8008,1.2305,0.3774,1.5656,-0.0697
-0.1581,-1.1663,-0.8008,1.2276,0.3781,1.5641,-0.0695
-0.1598,-1.1641,-0.8008,1.2247,0.3787,1.5627,-0.0692
-0.1616,-1.1619,-0.8009,1.2218,0.3794,1.5612,-0.0689
-0.1633,-1.1598,-0.8009,1.2190,0.3800,1.5598,-0.0686
-0.1650,-1.1576,-0.8009,1.2162,0.3807,1.5584,-0.0682
-0.1667,-1.1555,-0.8010,1.2134,0.3813,1.5570,-0.0679
-0.1683,-1.1534,-0.8010,1.2106,0.3819,1.5557,-0.0676
-0.1700,-1.1513,-0.8010,1.2078,0.3826,1.5543,-0.0673
-0.1716,-1.1492,-0.8010,1.2051,0.3832,1.5530,-0.0669
-0.1733,-1.1472,-0.8010,1.2024,0.3838,1.5517,-0.0666
-0.1749,-1.1452,-0.8010,1.1997,0.3844,1.5504,-0.0663
-0.1765,-1.1431,-0.8011,1.1970,0.3850,1.5491,-0.0659
-0.1781,-1.1411,-0.8011,1.1943,0.3856,1.5478,-0.0656
-0.1797,-1.1392,-0.8011,1.1917,0.3862,1.5465,-0.0652
-0.1812,-1.1372,-0.8011,1.1890,0.3868,1.5453,-0.0649
-0.1828,-1.1353,-0.8011,1.1864,0.3874,1.5441,-0.0645
-0.1843,-1.1334,-0.8011,1.1838,0.3880,1.5429,-0.0641
-0.1858,-1.1315,-0.8011,1.1813,0.3885,1.5417,-0.0638
-0.1873,-1.1296,-0.8011,1.1787,0.3891,1.5405,-0.0634
-0.1888,-1.1277,-0.8011,1.1762,0.3897,1.5393,-0.0630
-0.1903,-1.1259,-0.8011,1.1737,0.3902,1.5382,-0.0626
-0.1917,-1.1240,-0.8011,1.1712,0.3908,1.5370,-0.0623
-0.1932,-1.1222,-0.8011,1.1687,0.3913,1.5359,-0.0619
-0.1946,-1.1204,-0.8011,1.1663,0.3919,1.5348,-0.0615
-0.1961,-1.1186,-0.8011,1.1638,0.3924,1.5337,-0.0611
-0.1975,-1.1169,-0.8011,1.1614,0.3929,1.5326,-0.0607
-0.1989,-1.1151,-0.8011,1.1590,0.3935,1.5315,-0.0604
-0.2003,-1.1134,-0.8011,1.1566,0.3940,1.5305,-0.0600
-0.2016,-1.1117,-0.8010,1.1542,0.3945,1.5294,-0.0596
-0.2030,-1.1100,-0.8010,1.1519,0.3950,1.5284,-0.0592
-0.2044,-1.1083,-0.8010,1.1495,0.3955,1.5274,-0.0588
-0.2057,-1.1066,-0.8010,1.1472,0.3960,1.5264,-0.0584
-0.2070,-1.1050,-0.8010,1.1449,0.3965,1.5254,-0.0580
-0.2084,-1.1033,-0.8010,1.1426,0.3970,1.5244,-0.0576
-0.2097,-1.1017,-0.8010,1.1404,0.3975,1.5234,-0.0572
-0.2110,-1.1001,-0.8010,1.1381,0.3980,1.5224,-0.0568
-0.2122,-1.0985,-0.8009,1.1359,0.3985,1.5215,-0.0564
-0.2135,-1.0969,-0.8009,1.1337,0.3990,1.5206,-0.0560
-0.2148,-1.0954,-0.8009,1.1315,0.3994,1.5196,-0.0556
-0.2160,-1.0938,-0.8009,1.1293,0.3999,1.5187,-0.0552
-0.2173,-1.0923,-0.8009,1.1271,0.4004,1.5178,-0.0548
-0.2185,-1.0908,-0.8008,1.1250,0.4008,1.5169,-0.0544
-0.2197,-1.0892,-0.8008,1.1228,0.4013,1.5160,-0.0540
-0.2209,-1.0878,-0.8008,1.1207,0.4017,1.5152,-0.0536
-0.2221,-1.0863,-0.8008,1.1186,0.4022,1.5143,-0.0532
-0.2233,-1.0848,-0.8008,1.1165,0.4026,1.5135,-0.0528
-0.2245,-1.0834,-0.8007,1.1145,0.4030,1.5126,-0.0524
-0.2256,-1.0819,-0.8007,1.1124,0.4035,1.5118,-0.0520
-0.2268,-1.0805,-0.8007,1.1104,0.4039,1.5110,-0.0516
-0.2279,-1.0791,-0.8007,1.1083,0.4043,1.5102,-0.0512
-0.2291,-1.0777,-0.8007,1.1063,0.4047,1.5094,-0.0508
-0.2302,-1.0763,-0.8006,1.1043,0.4051,1.5086,-0.0504
-0.2313,-1.0749,-0.8006,1.1024,0.4056,1.5078,-0.0500
-0.2324,-1.0735,-0.8006,1.1004,0.4060,1.5070,-0.0496
-0.2335,-1.0722,-0.8006,1.0985,0.4064,1.5063,-0.0492
-0.2346,-1.0709,-0.8005,1.0965,0.4068,1.5055,-0.0488
-0.2356,-1.0695,-0.8005,1.0946,0.4072,1.5048,-0.0484
-0.2367,-1.0682,-0.8005,1.0927,0.4075,1.5041,-0.0480
-0.2378,-1.0669,-0.8005,1.0908,0.4079,1.5033,-0.0476
-0.2388,-1.0656,-0.8004,1.0889,0.4083,1.5026,-0.0472
-0.2399,-1.0644,-0.8004,1.0871,0.4087,1.5019,-0.0468
-0.2409,-1.0631,-0.8004,1.0852,0.4091,1.5012,-0.0464
-0.2419,-1.0618,-0.8004,1.0834,0.4094,1.5005,-0.0460
-0.2429,-1.0606,-0.8003,1.0816,0.4098,1.4999,-0.0457
-0.2439,-1.0594,-0.8003,1.0798,0.4102,1.4992,-0.0453
-0.2449,-1.0581,-0.8003,1.0780,0.4105,1.4985,-0.0449
-0.2459,-1.0569,-0.8002,1.0762,0.4109,1.4979,-0.0445
-0.2469,-1.0557,-0.8002,1.0744,0.4112,1.4972,-0.0441
-0.2478,-1.0545,-0.8002,1.0727,0.4116,1.4966,-0.0437
-0.2488,-1.0534,-0.8002,1.0710,0.4119,1.4960,-0.0433
-0.2497,-1.0522,-0.8001,1.0692,0.4123,1.4954,-0.0430
-0.2507,-1.0510,-0.8001,1.0675,0.4126,1.4947,-0.0426
-0.2516,-1.0499,-0.8001,1.0658,0.4129,1.4941,-0.0422
-0.2525,-1.0488,-0.8001,1.0642,0.4133,1.4935,-0.0418
-0.2534,-1.0476,-0.8000,1.0625,0.4136,1.4929,-0.0414
-0.2544,-1.0465,-0.8000,1.0608,0.4139,1.4924,-0.0411
-0.2553,-1.0454,-0.8000,1.0592,0.4142,1.4918,-0.0407
-0.2561,-1.0443,-0.7999,1.0576,0.4146,1.4912,-0.0403
-0.2570,-1.0433,-0.7999,1.0559,0.4149,1.4907,-0.0399
-0.2579,-1.0422,-0.7999,1.0543,0.4152,1.4901,-0.0396
-0.2588,-1.0411,-0.7999,1.0528,0.4155,1.4896,-0.0392
-0.2596,-1.0401,-0.7998,1.0512,0.4158,1.4890,-0.0388
-0.2605,-1.0390,-0.7998,1.0496,0.4161,1.4885,-0.0385
-0.2613,-1.0380,-0.7998,1.0481,0.4164,1.4879,-0.0381
-0.2622,-1.0370,-0.7997,1.0465,0.4167,1.4874,-0.0377
-0.2630,-1.0359,-0.7997,1.0450,0.4170,1.4869,-0.0374
-0.2638,-1.0349,-0.7997,1.0435,0.4173,1.4864,-0.0370
-0.2646,-1.0339,-0.7997,1.0420,0.4176,1.4859,-0.0367
-0.2654,-1.0330,-0.7996,1.0405,0.4178,1.4854,-0.0363
-0.2662,-1.0320,-0.7996,1.0390,0.4181,1.4849,-0.0360
-0.2670,-1.0310,-0.7996,1.0375,0.4184,1.4844,-0.0356
-0.2678,-1.0300,-0.7995,1.0361,0.4187,1.4840,-0.0353
-0.2686,-1.0291,-0.7995,1.0346,0.4189,1.4835,-0.0349
-0.2694,-1.0282,-0.7995,1.0332,0.4192,1.4830,-0.0346
-0.2701,-1.0272,-0.7995,1.0318,0.4195,1.4826,-0.0342
-0.2709,-1.0263,-0.7994,1.0304,0.4197,1.4821,-0.0339
-0.2716,-1.0254,-0.7994,1.0290,0.4200,1.4817,-0.0335
-0.2724,-1.0245,-0.7994,1.0276,0.4203,1.4812,-0.0332
-0.2731,-1.0236,-0.7993,1.0262,0.4205,1.4808,-0.0329
-0.2739,-1.0227,-0.7993,1.0249,0.4208,1.4803,-0.0325
-0.2746,-1.0218,-0.7993,1.0235,0.4210,1.4799,-0.0322
-0.2753,-1.0209,-0.7993,1.0222,0.4213,1.4795,-0.0319
-0.2760,-1.0200,-0.7992,1.0208,0.4215,1.4791,-0.0315
-0.2767,-1.0192,-0.7992,1.0195,0.4218,1.4787,-0.0312
-0.2774,-1.0183,-0.7992,1.0182,0.4220,1.4783,-0.0309
-0.2781,-1.0175,-0.7992,1.0169,0.4222,1.4779,-0.0306
-0.2788,-1.0167,-0.7991,1.0156,0.4225,1.4775,-0.0302
-0.2795,-1.0158,-0.7991,1.0144,0.4227,1.4771,-0.0299
-0.2802,-1.0150,-0.7991,1.0131,0.4229,1.4767,-0.0296
-0.2808,-1.0142,-0.7990,1.0118,0.4232,1.4763,-0.0293
-0.2815,-1.0134,-0.7990,1.0106,0.4234,1.4759,-0.0290
-0.2821,-1.0126,-0.7990,1.0094,0.4236,1.4756,-0.0287
-0.2828,-1.0118,-0.7990,1.0081,0.4238,1.4752,-0.0283
-0.2834,-1.0110,-0.7989,1.0069,0.4241,1.4748,-0.0280
-0.2841,-1.0102,-0.7989,1.0057,0.4243,1.4745,-0.0277
-0.2847,-1.0095,-0.7989,1.0045,0.4245,1.4741,-0.0274
-0.2853,-1.0087,-0.7989,1.0033,0.4247,1.4738,-0.0271
-0.2860,-1.0080,-0.7988,1.0022,0.4249,1.4734,-0.0268
-0.2866,-1.0072,-0.7988,1.0010,0.4251,1.4731,-0.0265
-0.2872,-1.0065,-0.7988,0.9999,0.4253,1.4727,-0.0262
-0.2878,-1.0057,-0.7988,0.9987,0.4255,1.4724,-0.0259
-0.2884,-1.0050,-0.7987,0.9976,0.4257,1.4721,-0.0256
-0.2890,-1.0043,-0.7987,0.9965,0.4259,1.4717,-0.0253
-0.2896,-1.0036,-0.7987,0.9953,0.4261,1.4714,-0.0250
-0.2901,-1.0029,-0.7987,0.9942,0.4263,1.4711,-0.0248
-0.2907,-1.0022,-0.7986,0.9931,0.4265,1.4708,-0.0245
-0.2913,-1.0015,-0.7986,0.9921,0.4267,1.4705,-0.0242
-0.2919,-1.0008,-0.7986,0.9910,0.4269,1.4702,-0.0239
-0.2924,-1.0001,-0.7986,0.9899,0.4271,1.4699,-0.0236
-0.2930,-0.9994,-0.7985,0.9888,0.4273,1.4696,-0.0234
-0.2935,-0.9988,-0.7985,0.9878,0.4275,1.4693,-0.0231
-0.2941,-0.9981,-0.7985,0.9868,0.4276,1.4690,-0.0228
-0.2946,-0.9974,-0.7985,0.9857,0.4278,1.4687,-0.0225
-0.2952,-0.9968,-0.7984,0.9847,0.4280,1.4684,-0.0223
-0.2957,-0.9961,-0.7984,0.9837,0.4282,1.4681,-0.0220
-0.2962,-0.9955,-0.7984,0.9827,0.4283,1.4679,-0.0217
-0.2967,-0.9949,-0.7984,0.9817,0.4285,1.4676,-0.0215
-0.2972,-0.9943,-0.7983,0.9807,0.4287,1.4673,-0.0212
-0.2978,-0.9936,-0.7983,0.9797,0.4289,1.4671,-0.0209
-0.2983,-0.9930,-0.7983,0.9787,0.4290,1.4668,-0.0207
-0.2988,-0.9924,-0.7983,0.9778,0.4292,1.4665,-0.0204
-0.2993,-0.9918,-0.7982,0.9768,0.4294,1.4663,-0.0202
-0.2998,-0.9912,-0.7982,0.9759,0.4295,1.4660,-0.0199
-0.3003,-0.9906,-0.7982,0.9749,0.4297,1.4658,-0.0197
-0.3007,-0.9900,-0.7982,0.9740,0.4298,1.4655,-0.0194
-0.3012,-0.9895,-0.7982,0.9731,0.4300,1.4653,-0.0192
-0.3017,-0.9889,-0.7981,0.9722,0.4302,1.4650,-0.0189
-0.3022,-0.9883,-0.7981,0.9713,0.4303,1.4648,-0.0187
-0.3026,-0.9877,-0.7981,0.9704,0.4305,1.4646,-0.0184
-0.3031,-0.9872,-0.7981,0.9695,0.4306,1.4643,-0.0182
-0.3036,-0.9866,-0.7980,0.9686,0.4308,1.4641,-0.0179
-0.3040,-0.9861,-0.7980,0.9677,0.4309,1.4639,-0.0177
-0.3045,-0.9855,-0.7980,0.9668,0.4311,1.4636,-0.0175
-0.3049,-0.9850,-0.7980,0.9660,0.4312,1.4634,-0.0172
-0.3053,-0.9845,-0.7980,0.9651,0.4313,1.4632,-0.0170
-0.3058,-0.9839,-0.7979,0.9643,0.4315,1.4630,-0.0168
-0.3062,-0.9834,-0.7979,0.9635,0.4316,1.4628,-0.0166
-0.3066,-0.9829,-0.7979,0.9626,0.4318,1.4626,-0.0163
-0.3071,-0.9824,-0.7979,0.9618,0.4319,1.4623,-0.0161
-0.3075,-0.9819,-0.7979,0.9610,0.4320,1.4621,-0.0159
-0.3079,-0.9814,-0.7978,0.9602,0.4322,1.4619,-0.0157
-0.3083,-0.9809,-0.7978,0.9594,0.4323,1.4617,-0.0154
-0.3087,-0.9804,-0.7978,0.9586,0.4324,1.4615,-0.0152
-0.3091,-0.9799,-0.7978,0.9578,0.4326,1.4613,-0.0150
-0.3095,-0.9794,-0.7978,0.9570,0.4327,1.4611,-0.0148
-0.3099,-0.9789,-0.7977,0.9562,0.4328,1.4609,-0.0146
-0.3103,-0.9784,-0.7977,0.9555,0.4330,1.4608,-0.0144
-0.3107,-0.9780,-0.7977,0.9547,0.4331,1.4606,-0.0142
-0.3111,-0.9775,-0.7977,0.9540,0.4332,1.4604,-0.0139
-0.3115,-0.9770,-0.7977,0.9532,0.4333,1.4602,-0.0137
-0.3119,-0.9766,-0.7976,0.9525,0.4334,1.4600,-0.0135
-0.3122,-0.9761,-0.7976,0.9517,0.4336,1.4598,-0.0133
-0.3126,-0.9757,-0.7976,0.9510,0.4337,1.4597,-0.0131
-0.3130,-0.9752,-0.7976,0.9503,0.4338,1.4595,-0.0129
-0.3134,-0.9748,-0.7976,0.9496,0.4339,1.4593,-0.0127
-0.3137,-0.9744,-0.7975,0.9489,0.4340,1.4591,-0.0125
-0.3141,-0.9739,-0.7975,0.9482,0.4342,1.4590,-0.0123
-0.3144,-0.9735,-0.7975,0.9475,0.4343,1.4588,-0.0121
-0.3148,-0.9731,-0.7975,0.9468,0.4344,1.4586,-0.0120
-0.3151,-0.9727,-0.7975,0.9461,0.4345,1.4585,-0.0118
-0.3155,-0.9722,-0.7975,0.9454,0.4346,1.4583,-0.0116
-0.3158,-0.9718,-0.7974,0.9448,0.4347,1.4582,-0.0114
-0.3162,-0.9714,-0.7974,0.9441,0.4348,1.4580,-0.0112
-0.3165,-0.9710,-0.7974,0.9435,0.4349,1.4578,-0.0110
-0.3168,-0.9706,-0.7974,0.9428,0.4350,1.4577,-0.0108
-0.3172,-0.9702,-0.7974,0.9422,0.4351,1.4575,-0.0107
-0.3175,-0.9698,-0.7973,0.9415,0.4352,1.4574,-0.0105
-0.3178,-0.9694,-0.7973,0.9409,0.4353,1.4572,-0.0103
-0.3181,-0.9690,-0.7973,0.9403,0.4354,1.4571,-0.0101
-0.3185,-0.9687,-0.7973,0.9396,0.4355,1.4570,-0.0099
-0.3188,-0.9683,-0.7973,0.9390,0.4356,1.4568,-0.0098
-0.3191,-0.9679,-0.7973,0.9384,0.4357,1.4567,-0.0096
-0.3194,-0.9675,-0.7973,0.9378,0.4358,1.4565,-0.0094
-0.3197,-0.9672,-0.7972,0.9372,0.4359,1.4564,-0.0093
-0.3200,-0.9668,-0.7972,0.9366,0.4360,1.4563,-0.0091
-0.3203,-0.9664,-0.7972,0.9360,0.4361,1.4561,-0.0089
-0.3206,-0.9661,-0.7972,0.9354,0.4362,1.4560,-0.0088
-0.3209,-0.9657,-0.7972,0.9349,0.4363,1.4559,-0.0086
-0.3212,-0.9654,-0.7972,0.9343,0.4364,1.4557,-0.0084
-0.3215,-0.9650,-0.7971,0.9337,0.4365,1.4556,-0.0083
-0.3218,-0.9647,-0.7971,0.9332,0.4366,1.4555,-0.0081
-0.3220,-0.9644,-0.7971,0.9326,0.4367,1.4553,-0.0080
-0.3223,-0.9640,-0.7971,0.9320,0.4367,1.4552,-0.0078
-0.3226,-0.9637,-0.7971,0.9315,0.4368,1.4551,-0.0076
-0.3229,-0.9633,-0.7971,0.9310,0.4369,1.4550,-0.0075
-0.3232,-0.9630,-0.7971,0.9304,0.4370,1.4549,-0.0073
-0.3234,-0.9627,-0.7970,0.9299,0.4371,1.4547,-0.0072
-0.3237,-0.9624,-0.7970,0.9294,0.4372,1.4546,-0.0070
-0.3240,-0.9621,-0.7970,0.9288,0.4373,1.4545,-0.0069
-0.3242,-0.9617,-0.7970,0.9283,0.4373,1.4544,-0.0067
-0.3245,-0.9614,-0.7970,0.9278,0.4374,1.4543,-0.0066
-0.3247,-0.9611,-0.7970,0.9273,0.4375,1.4542,-0.0064
-0.3250,-0.9608,-0.7970,0.9268,0.4376,1.4541,-0.0063
-0.3252,-0.9605,-0.7969,0.9263,0.4377,1.4539,-0.0062
-0.3255,-0.9602,-0.7969,0.9258,0.4377,1.4538,-0.0060
-0.3257,-0.9599,-0.7969,0.9253,0.4378,1.4537,-0.0059
-0.3260,-0.9596,-0.7969,0.9248,0.4379,1.4536,-0.0057
-0.3262,-0.9593,-0.7969,0.9243,0.4380,1.4535,-0.0056
-0.3265,-0.9590,-0.7969,0.9239,0.4380,1.4534,-0.0055
-0.3267,-0.9587,-0.7969,0.9234,0.4381,1.4533,-0.0053
-0.3269,-0.9585,-0.7968,0.9229,0.4382,1.4532,-0.0052
-0.3272,-0.9582,-0.7968,0.9225,0.4383,1.4531,-0.0051
-0.3274,-0.9579,-0.7968,0.9220,0.4383,1.4530,-0.0049
-0.3276,-0.9576,-0.7968,0.9215,0.4384,1.4529,-0.0048
-0.3279,-0.9574,-0.7968,0.9211,0.4385,1.4528,-0.0047
-0.3281,-0.9571,-0.7968,0.9207,0.4385,1.4527,-0.0045
-0.3283,-0.9568,-0.7968,0.9202,0.4386,1.4526,-0.0044
-0.3285,-0.9566,-0.7968,0.9198,0.4387,1.4525,-0.0043
-0.3288,-0.9563,-0.7967,0.9193,0.4387,1.4524,-0.0042
-0.3290,-0.9560,-0.7967,0.9189,0.4388,1.4524,-0.0040
-0.3292,-0.9558,-0.7967,0.9185,0.4389,1.4523,-0.0039
-0.3294,-0.9555,-0.7967,0.9181,0.4389,1.4522,-0.0038
-0.3296,-0.9553,-0.7967,0.9176,0.4390,1.4521,-0.0037
-0.3298,-0.9550,-0.7967,0.9172,0.4391,1.4520,-0.0036
-0.3300,-0.9548,-0.7967,0.9168,0.4391,1.4519,-0.0034
-0.3302,-0.9545,-0.7967,0.9164,0.4392,1.4518,-0.0033
-0.3304,-0.9543,-0.7967,0.9160,0.4393,1.4517,-0.0032
-0.3306,-0.9540,-0.7966,0.9156,0.4393,1.4517,-0.0031
-0.3308,-0.9538,-0.7966,0.9152,0.4394,1.4516,-0.0030
-0.3310,-0.9536,-0.7966,0.9148,0.4394,1.4515,-0.0029
-0.3312,-0.9533,-0.7966,0.9144,0.4395,1.4514,-0.0028
-0.3314,-0.9531,-0.7966,0.9141,0.4396,1.4513,-0.0026
-0.3316,-0.9529,-0.7966,0.9137,0.4396,1.4513,-0.0025
-0.3318,-0.9527,-0.7966,0.9133,0.4397,1.4512,-0.0024
-0.3320,-0.9524,-0.7966,0.9129,0.4397,1.4511,-0.0023
-0.3322,-0.9522,-0.7966,0.9126,0.4398,1.4510,-0.0022
-0.3324,-0.9520,-0.7965,0.9122,0.4398,1.4510,-0.0021
-0.3325,-0.9518,-0.7965,0.9118,0.4399,1.4509,-0.0020
-0.3327,-0.9516,-0.7965,0.9115,0.4400,1.4508,-0.0019
-0.3329,-0.9513,-0.7965,0.9111,0.4400,1.4507,-0.0018
-0.3331,-0.9511,-0.7965,0.9108,0.4401,1.4507,-0.0017
-0.3333,-0.9509,-0.7965,0.9104,0.4401,1.4506,-0.0016
-0.3334,-0.9507,-0.7965,0.9101,0.4402,1.4505,-0.0015
-0.3336,-0.9505,-0.7965,0.9097,0.4402,1.4504,-0.0014
-0.3338,-0.9503,-0.7965,0.9094,0.4403,1.4504,-0.0013
-0.3339,-0.9501,-0.7965,0.9091,0.4403,1.4503,-0.0012
-0.3341,-0.9499,-0.7964,0.9087,0.4404,1.4502,-0.0011
-0.3343,-0.9497,-0.7964,0.9084,0.4404,1.4502,-0.0010
-0.3344,-0.9495,-0.7964,0.9081,0.4405,1.4501,-0.0009
-0.3346,-0.9493,-0.7964,0.9077,0.4405,1.4500,-0.0008
-0.3348,-0.9491,-0.7964,0.9074,0.4406,1.4500,-0.0007
-0.3349,-0.9489,-0.7964,0.9071,0.4406,1.4499,-0.0006
-0.3351,-0.9487,-0.7964,0.9068,0.4407,1.4499,-0.0005
-0.3352,-0.9486,-0.7964,0.9065,0.4407,1.4498,-0.0004
-0.3354,-0.9484,-0.7964,0.9062,0.4408,1.4497,-0.0003
-0.3355,-0.9482,-0.7964,0.9059,0.4408,1.4497,-0.0003
-0.3357,-0.9480,-0.7964,0.9056,0.4408,1.4496,-0.0002
-0.3358,-0.9478,-0.7964,0.9053,0.4409,1.4496,-0.0001
-0.3360,-0.9476,-0.7963,0.9050,0.4409,1.4495,0.0000
-0.3361,-0.9475,-0.7963,0.9047,0.4410,1.4494,0.0001
-0.3363,-0.9473,-0.7963,0.9044,0.4410,1.4494,0.0002
-0.3364,-0.9471,-0.7963,0.9041,0.4411,1.4493,0.0003
-0.3366,-0.9470,-0.7963,0.9038,0.4411,1.4493,0.0003
-0.3367,-0.9468,-0.7963,0.9035,0.4412,1.4492,0.0004
-0.3368,-0.9466,-0.7963,0.9032,0.4412,1.4492,0.0005
-0.3370,-0.9465,-0.7963,0.9030,0.4412,1.4491,0.0006
-0.3371,-0.9463,-0.7963,0.9027,0.4413,1.4490,0.0007
-0.3373,-0.9461,-0.7963,0.9024,0.4413,1.4490,0.0007
-0.3374,-0.9460,-0.7963,0.9022,0.4414,1.4489,0.0008
-0.3375,-0.9458,-0.7963,0.9019,0.4414,1.4489,0.0009
-0.3377,-0.9456,-0.7962,0.9016,0.4414,1.4488,0.0010
-0.3378,-0.9455,-0.7962,0.9014,0.4415,1.4488,0.0011
-0.3379,-0.9453,-0.7962,0.9011,0.4415,1.4487,0.0011
-0.3380,-0.9452,-0.7962,0.9008,0.4416,1.4487,0.0012
-0.3382,-0.9450,-0.7962,0.9006,0.4416,1.4486,0.0013
-0.3383,-0.9449,-0.7962,0.9003,0.4416,1.4486,0.0014
-0.3384,-0.9447,-0.7962,0.9001,0.4417,1.4485,0.0014
-0.3385,-0.9446,-0.7962,0.8998,0.4417,1.4485,0.0015
-0.3387,-0.9444,-0.7962,0.8996,0.4417,1.4484,0.0016
-0.3388,-0.9443,-0.7962,0.8994,0.4418,1.4484,0.0016
-0.3389,-0.9442,-0.7962,0.8991,0.4418,1.4484,0.0017
-0.3390,-0.9440,-0.7962,0.8989,0.4419,1.4483,0.0018
-0.3391,-0.9439,-0.7962,0.8986,0.4419,1.4483,0.0019
-0.3393,-0.9437,-0.7962,0.8984,0.4419,1.4482,0.0019
-0.3394,-0.9436,-0.7961,0.8982,0.4420,1.4482,0.0020
-0.3395,-0.9435,-0.7961,0.8979,0.4420,1.4481,0.0021
-0.3396,-0.9433,-0.7961,0.8977,0.4420,1.4481,0.0021
-0.3397,-0.9432,-0.7961,0.8975,0.4421,1.4480,0.0022
-0.3398,-0.9431,-0.7961,0.8973,0.4421,1.4480,0.0023
-0.3399,-0.9429,-0.7961,0.8971,0.4421,1.4480,0.0023
-0.3400,-0.9428,-0.7961,0.8968,0.4422,1.4479,0.0024
-0.3402,-0.9427,-0.7961,0.8966,0.4422,1.4479,0.0025
-0.3403,-0.9425,-0.7961,0.8964,0.4422,1.4478,0.0025
-0.3404,-0.9424,-0.7961,0.8962,0.4423,1.4478,0.0026
-0.3405,-0.9423,-0.7961,0.8960,0.4423,1.4478,0.0026
-0.3406,-0.9422,-0.7961,0.8958,0.4423,1.4477,0.0027
-0.3407,-0.9420,-0.7961,0.8956,0.4423,1.4477,0.0028
-0.3408,-0.9419,-0.7961,0.8954,0.4424,1.4476,0.0028
-0.3409,-0.9418,-0.7961,0.8952,0.4424,1.4476,0.0029
-0.3410,-0.9417,-0.7961,0.8950,0.4424,1.4476,0.0029
-0.3411,-0.9416,-0.7960,0.8948,0.4425,1.4475,0.0030
-0.3412,-0.9415,-0.7960,0.8946,0.4425,1.4475,0.0031
-0.3413,-0.9413,-0.7960,0.8944,0.4425,1.4475,0.0031
-0.3414,-0.9412,-0.7960,0.8942,0.4426,1.4474,0.0032
-0.3415,-0.9411,-0.7960,0.8940,0.4426,1.4474,0.0032
-0.3416,-0.9410,-0.7960,0.8938,0.4426,1.4473,0.0033
-0.3416,-0.9409,-0.7960,0.8936,0.4426,1.4473,0.0033
-0.3417,-0.9408,-0.7960,0.8934,0.4427,1.4473,0.0034
-0.3418,-0.9407,-0.7960,0.8933,0.4427,1.4472,0.0034
-0.3419,-0.9406,-0.7960,0.8931,0.4427,1.4472,0.0035
-0.3420,-0.9405,-0.7960,0.8929,0.4427,1.4472,0.0036
-0.3421,-0.9404,-0.7960,0.8927,0.4428,1.4471,0.0036
-0.3422,-0.9402,-0.7960,0.8925,0.4428,1.4471,0.0037
-0.3423,-0.9401,-0.7960,0.8924,0.4428,1.4471,0.0037
-0.3424,-0.9400,-0.7960,0.8922,0.4428,1.4470,0.0038
-0.3424,-0.9399,-0.7960,0.8920,0.4429,1.4470,0.0038
-0.3425,-0.9398,-0.7960,0.8919,0.4429,1.4470,0.0039
-0.3426,-0.9397,-0.7960,0.8917,0.4429,1.4470,0.0039
-0.3427,-0.9396,-0.7960,0.8915,0.4429,1.4469,0.0040
-0.3428,-0.9395,-0.7959,0.8914,0.4430,1.4469,0.0040
-0.3429,-0.9394,-0.7959,0.8912,0.4430,1.4469,0.0041
-0.3429,-0.9394,-0.7959,0.8910,0.4430,1.4468,0.0041
-0.3430,-0.9393,-0.7959,0.8909,0.4430,1.4468,0.0041
-0.3431,-0.9392,-0.7959,0.8907,0.4431,1.4468,0.0042
-0.3432,-0.9391,-0.7959,0.8906,0.4431,1.4467,0.0042
-0.3432,-0.9390,-0.7959,0.8904,0.4431,1.4467,0.0043
-0.3433,-0.9389,-0.7959,0.8903,0.4431,1.4467,0.0043
-0.3434,-0.9388,-0.7959,0.8901,0.4432,1.4467,0.0044
-0.3435,-0.9387,-0.7959,0.8900,0.4432,1.4466,0.0044
-0.3435,-0.9386,-0.7959,0.8898,0.4432,1.4466,0.0045
-0.3436,-0.9385,-0.7959,0.8897,0.4432,1.4466,0.0045
-0.3437,-0.9385,-0.7959,0.8895,0.4432,1.4466,0.0046
-0.3438,-0.9384,-0.7959,0.8894,0.4433,1.4465,0.0046
-0.3438,-0.9383,-0.7959,0.8892,0.4433,1.4465,0.0046
-0.3439,-0.9382,-0.7959,0.8891,0.4433,1.4465,0.0047
-0.3440,-0.9381,-0.7959,0.8889,0.4433,1.4464,0.0047
-0.3440,-0.9380,-0.7959,0.8888,0.4433,1.4464,0.0048
-0.3441,-0.9379,-0.7959,0.8887,0.4434,1.4464,0.0048
-0.3442,-0.9379,-0.7959,0.8885,0.4434,1.4464,0.0048
-0.3442,-0.9378,-0.7959,0.8884,0.4434,1.4463,0.0049
-0.3443,-0.9377,-0.7959,0.8883,0.4434,1.4463,0.0049
-0.3444,-0.9376,-0.7959,0.8881,0.4434,1.4463,0.0050
-0.3444,-0.9376,-0.7958,0.8880,0.4435,1.4463,0.0050
-0.3445,-0.9375,-0.7958,0.8879,0.4435,1.4463,0.0050
-0.3446,-0.9374,-0.7958,0.8877,0.4435,1.4462,0.0051
-0.3446,-0.9373,-0.7958,0.8876,0.4435,1.4462,0.0051
-0.3447,-0.9373,-0.7958,0.8875,0.4435,1.4462,0.0052
-0.3448,-0.9372,-0.7958,0.8874,0.4436,1.4462,0.0052
-0.3448,-0.9371,-0.7958,0.8872,0.4436,1.4461,0.0052
-0.3449,-0.9370,-0.7958,0.8871,0.4436,1.4461,0.0053
-0.3449,-0.9370,-0.7958,0.8870,0.4436,1.4461,0.0053
-0.3450,-0.9369,-0.7958,0.8869,0.4436,1.4461,0.0053
-0.3451,-0.9368,-0.7958,0.8868,0.4436,1.4461,0.0054
-0.3451,-0.9368,-0.7958,0.8866,0.4437,1.4460,0.0054
-0.3452,-0.9367,-0.7958,0.8865,0.4437,1.4460,0.0054
-0.3452,-0.9366,-0.7958,0.8864,0.4437,1.4460,0.0055
-0.3453,-0.9365,-0.7958,0.8863,0.4437,1.4460,0.0055
-0.3453,-0.9365,-0.7958,0.8862,0.4437,1.4459,0.0055
-0.3454,-0.9364,-0.7958,0.8861,0.4437,1.4459,0.0056
-0.3455,-0.9363,-0.7958,0.8860,0.4438,1.4459,0.0056
-0.3455,-0.9363,-0.7958,0.8859,0.4438,1.4459,0.0056
-0.3456,-0.9362,-0.7958,0.8857,0.4438,1.4459,0.0057
-0.3456,-0.9362,-0.7958,0.8856,0.4438,1.4459,0.0057
-0.3457,-0.9361,-0.7958,0.8855,0.4438,1.4458,0.0057
-0.3457,-0.9360,-0.7958,0.8854,0.4438,1.4458,0.0058
-0.3458,-0.9360,-0.7958,0.8853,0.4439,1.4458,0.0058
-0.3458,-0.9359,-0.7958,0.8852,0.4439,1.4458,0.0058
-0.3459,-0.9358,-0.7958,0.8851,0.4439,1.4458,0.0059
-0.3459,-0.9358,-0.7958,0.8850,0.4439,1.4457,0.0059
-0.3460,-0.9357,-0.7958,0.8849,0.4439,1.4457,0.0059
-0.3460,-0.9357,-0.7958,0.8848,0.4439,1.4457,0.0060
-0.3461,-0.9356,-0.7958,0.8847,0.4439,1.4457,0.0060
-0.3461,-0.9356,-0.7957,0.8846,0.4440,1.4457,0.0060
-0.3462,-0.9355,-0.7957,0.8845,0.4440,1.4457,0.0060
-0.3462,-0.9354,-0.7957,0.8844,0.4440,1.4456,0.0061
-0.3463,-0.9354,-0.7957,0.8843,0.4440,1.4456,0.0061
-0.3463,-0.9353,-0.7957,0.8842,0.4440,1.4456,0.0061
-0.3464,-0.9353,-0.7957,0.8841,0.4440,1.4456,0.0062
-0.3464,-0.9352,-0.7957,0.8841,0.4440,1.4456,0.0062
-0.3464,-0.9352,-0.7957,0.8840,0.4440,1.4456,0.0062
-0.3465,-0.9351,-0.7957,0.8839,0.4441,1.4455,0.0062
-0.3465,-0.9351,-0.7957,0.8838,0.4441,1.4455,0.0063
-0.3466,-0.9350,-0.7957,0.8837,0.4441,1.4455,0.0063
-0.3466,-0.9350,-0.7957,0.8836,0.4441,1.4455,0.0063
-0.3467,-0.9349,-0.7957,0.8835,0.4441,1.4455,0.0063
-0.3467,-0.9349,-0.7957,0.8834,0.4441,1.4455,0.0064
-0.3467,-0.9348,-0.7957,0.8834,0.4441,1.4454,0.0064
-0.3468,-0.9348,-0.7957,0.8833,0.4442,1.4454,0.0064
-0.3468,-0.9347,-0.7957,0.8832,0.4442,1.4454,0.0064
-0.3469,-0.9347,-0.7957,0.8831,0.4442,1.4454,0.0065
-0.3469,-0.9346,-0.7957,0.8830,0.4442,1.4454,0.0065
-0.3469,-0.9346,-0.7957,0.8829,0.4442,1.4454,0.0065
-0.3470,-0.9345,-0.7957,0.8829,0.4442,1.4454,0.0065
-0.3470,-0.9345,-0.7957,0.8828,0.4442,1.4453,0.0066
-0.3471,-0.9344,-0.7957,0.8827,0.4442,1.4453,0.0066
-0.3471,-0.9344,-0.7957,0.8826,0.4442,1.4453,0.0066
-0.3471,-0.9343,-0.7957,0.8825,0.4443,1.4453,0.0066
-0.3472,-0.9343,-0.7957,0.8825,0.4443,1.4453,0.0067
-0.3472,-0.9342,-0.7957,0.8824,0.4443,1.4453,0.0067
-0.3473,-0.9342,-0.7957,0.8823,0.4443,1.4453,0.0067
-0.3473,-0.9342,-0.7957,0.8823,0.4443,1.4453,0.0067
-0.3473,-0.9341,-0.7957,0.8822,0.4443,1.4452,0.0067
-0.3474,-0.9341,-0.7957,0.8821,0.4443,1.4452,0.0068
-0.3474,-0.9340,-0.7957,0.8820,0.4443,1.4452,0.0068
-0.3474,-0.9340,-0.7957,0.8820,0.4443,1.4452,0.0068
-0.3475,-0.9339,-0.7957,0.8819,0.4443,1.4452,0.0068
-0.3475,-0.9339,-0.7957,0.8818,0.4444,1.4452,0.0068
-0.3475,-0.9339,-0.7957,0.8818,0.4444,1.4452,0.0069
-0.3476,-0.9338,-0.7957,0.8817,0.4444,1.4452,0.0069
-0.3476,-0.9338,-0.7957,0.8816,0.4444,1.4451,0.0069
-0.3476,-0.9337,-0.7957,0.8816,0.4444,1.4451,0.0069
-0.3477,-0.9337,-0.7957,0.8815,0.4444,1.4451,0.0069
-0.3477,-0.9337,-0.7957,0.8814,0.4444,1.4451,0.0070
-0.3477,-0.9336,-0.7957,0.8814,0.4444,1.4451,0.0070
-0.3478,-0.9336,-0.7956,0.8813,0.4444,1.4451,0.0070
-0.3478,-0.9336,-0.7956,0.8812,0.4444,1.4451,0.0070
-0.3478,-0.9335,-0.7956,0.8812,0.4445,1.4451,0.0070
-0.3479,-0.9335,-0.7956,0.8811,0.4445,1.4450,0.0071
-0.3479,-0.9334,-0.7956,0.8810,0.4445,1.4450,0.0071
-0.3479,-0.9334,-0.7956,0.8810,0.4445,1.4450,0.0071
-0.3479,-0.9334,-0.7956,0.8809,0.4445,1.4450,0.0071
-0.3480,-0.9333,-0.7956,0.8809,0.4445,1.4450,0.0071
-0.3480,-0.9333,-0.7956,0.8808,0.4445,1.4450,0.0072
-0.3480,-0.9333,-0.7956,0.8807,0.4445,1.4450,0.0072
-0.3481,-0.9332,-0.7956,0.8807,0.4445,1.4450,0.0072
-0.3481,-0.9332,-0.7956,0.8806,0.4445,1.4450,0.0072
-0.3481,-0.9332,-0.7956,0.8806,0.4445,1.4450,0.0072
-0.3482,-0.9331,-0.7956,0.8805,0.4445,1.4449,0.0072
-0.3482,-0.9331,-0.7956,0.8805,0.4446,1.4449,0.0073
-0.3482,-0.9331,-0.7956,0.8804,0.4446,1.4449,0.0073
-0.3482,-0.9330,-0.7956,0.8803,0.4446,1.4449,0.0073
-0.3483,-0.9330,-0.7956,0.8803,0.4446,1.4449,0.0073
-0.3483,-0.9330,-0.7956,0.8802,0.4446,1.4449,0.0073
-0.3483,-0.9329,-0.7956,0.8802,0.4446,1.4449,0.0073
-0.3483,-0.9329,-0.7956,0.8801,0.4446,1.4449,0.0073
-0.3484,-0.9329,-0.7956,0.8801,0.4446,1.4449,0.0074
-0.3484,-0.9329,-0.7956,0.8800,0.4446,1.4449,0.0074
-0.3484,-0.9328,-0.7956,0.8800,0.4446,1.4449,0.0074
-0.3484,-0.9328,-0.7956,0.8799,0.4446,1.4448,0.0074
-0.3485,-0.9328,-0.7956,0.8799,0.4446,1.4448,0.0074
-0.3485,-0.9327,-0.7956,0.8798,0.4446,1.4448,0.0074
-0.3485,-0.9327,-0.7956,0.8798,0.4447,1.4448,0.0075
-0.3485,-0.9327,-0.7956,0.8797,0.4447,1.4448,0.0075
-0.3486,-0.9326,-0.7956,0.8797,0.4447,1.4448,0.0075
-0.3486,-0.9326,-0.7956,0.8796,0.4447,1.4448,0.0075
-0.3486,-0.9326,-0.7956,0.8796,0.4447,1.4448,0.0075
-0.3486,-0.9326,-0.7956,0.8795,0.4447,1.4448,0.0075
-0.3487,-0.9325,-0.7956,0.8795,0.4447,1.4448,0.0075
-0.3487,-0.9325,-0.7956,0.8794,0.4447,1.4448,0.0076
-0.3487,-0.9325,-0.7956,0.8794,0.4447,1.4448,0.0076
-0.3487,-0.9325,-0.7956,0.8794,0.4447,1.4447,0.0076
-0.3487,-0.9324,-0.7956,0.8793,0.4447,1.4447,0.0076
-0.3488,-0.9324,-0.7956,0.8793,0.4447,1.4447,0.0076
-0.3488,-0.9324,-0.7956,0.8792,0.4447,1.4447,0.0076
-0.3488,-0.9324,-0.7956,0.8792,0.4447,1.4447,0.0076
-0.3488,-0.9323,-0.7956,0.8791,0.4447,1.4447,0.0076
-0.3488,-0.9323,-0.7956,0.8791,0.4448,1.4447,0.0077
-0.3489,-0.9323,-0.7956,0.8791,0.4448,1.4447,0.0077
-0.3489,-0.9323,-0.7956,0.8790,0.4448,1.4447,0.0077
-0.3489,-0.9322,-0.7956,0.8790,0.4448,1.4447,0.0077
-0.3489,-0.9322,-0.7956,0.8789,0.4448,1.4447,0.0077
-0.3489,-0.9322,-0.7956,0.8789,0.4448,1.4447,0.0077
-0.3490,-0.9322,-0.7956,0.8789,0.4448,1.4447,0.0077
-0.3490,-0.9321,-0.7956,0.8788,0.4448,1.4447,0.0077
-0.3490,-0.9321,-0.7956,0.8788,0.4448,1.4446,0.0078
-0.3490,-0.9321,-0.7956,0.8787,0.4448,1.4446,0.0078
-0.3490,-0.9321,-0.7956,0.8787,0.4448,1.4446,0.0078
-0.3491,-0.9320,-0.7956,0.8787,0.4448,1.4446,0.0078
-0.3491,-0.9320,-0.7956,0.8786,0.4448,1.4446,0.0078
-0.3491,-0.9320,-0.7956,0.8786,0.4448,1.4446,0.0078
-0.3491,-0.9320,-0.7956,0.8785,0.4448,1.4446,0.0078
-0.3491,-0.9320,-0.7956,0.8785,0.4448,1.4446,0.0078
-0.3492,-0.9319,-0.7956,0.8785,0.4448,1.4446,0.0078
-0.3492,-0.9319,-0.7956,0.8784,0.4448,1.4446,0.0079
-0.3492,-0.9319,-0.7956,0.8784,0.4449,1.4446,0.0079
-0.3492,-0.9319,-0.7956,0.8784,0.4449,1.4446,0.0079
-0.3492,-0.9319,-0.7956,0.8783,0.4449,1.4446,0.0079
-0.3492,-0.9318,-0.7956,0.8783,0.4449,1.4446,0.0079
-0.3493,-0.9318,-0.7956,0.8783,0.4449,1.4446,0.0079
-0.3493,-0.9318,-0.7956,0.8782,0.4449,1.4446,0.0079
-0.3493,-0.9318,-0.7956,0.8782,0.4449,1.4445,0.0079
-0.3493,-0.9318,-0.7956,0.8782,0.4449,1.4445,0.0079
-0.3493,-0.9317,-0.7956,0.8781,0.4449,1.4445,0.0079
-0.3493,-0.9317,-0.7956,0.8781,0.4449,1.4445,0.0080
-0.3494,-0.9317,-0.7956,0.8781,0.4449,1.4445,0.0080
-0.3494,-0.9317,-0.7956,0.8780,0.4449,1.4445,0.0080
-0.3494,-0.9317,-0.7956,0.8780,0.4449,1.4445,0.0080
-0.3494,-0.9316,-0.7956,0.8780,0.4449,1.4445,0.0080
-0.3494,-0.9316,-0.7955,0.8779,0.4449,1.4445,0.0080
-0.3494,-0.9316,-0.7955,0.8779,0.4449,1.4445,0.0080
-0.3494,-0.9316,-0.7955,0.8779,0.4449,1.4445,0.0080
-0.3495,-0.9316,-0.7955,0.8779,0.4449,1.4445,0.0080
-0.3495,-0.9316,-0.7955,0.8778,0.4449,1.4445,0.0080
-0.3495,-0.9315,-0.7955,0.8778,0.4449,1.4445,0.0080
-0.3495,-0.9315,-0.7955,0.8778,0.4449,1.4445,0.0081
-0.3495,-0.9315,-0.7955,0.8777,0.4449,1.4445,0.0081
-0.3495,-0.9315,-0.7955,0.8777,0.4450,1.4445,0.0081
-0.3495,-0.9315,-0.7955,0.8777,0.4450,1.4445,0.0081
-0.3496,-0.9315,-0.7955,0.8777,0.4450,1.4445,0.0081
-0.3496,-0.9314,-0.7955,0.8776,0.4450,1.4444,0.0081
-0.3496,-0.9314,-0.7955,0.8776,0.4450,1.4444,0.0081
-0.3496,-0.9314,-0.7955,0.8776,0.4450,1.4444,0.0081
-0.3496,-0.9314,-0.7955,0.8775,0.4450,1.4444,0.0081
-0.3496,-0.9314,-0.7955,0.8775,0.4450,1.4444,0.0081
-0.3496,-0.9314,-0.7955,0.8775,0.4450,1.4444,0.0081
-0.3497,-0.9314,-0.7955,0.8775,0.4450,1.4444,0.0081
-0.3497,-0.9313,-0.7955,0.8774,0.4450,1.4444,0.0082
-0.3497,-0.9313,-0.7955,0.8774,0.4450,1.4444,0.0082
-0.3497,-0.9313,-0.7955,0.8774,0.4450,1.4444,0.0082
-0.3497,-0.9313,-0.7955,0.8774,0.4450,1.4444,0.0082
-0.3497,-0.9313,-0.7955,0.8773,0.4450,1.4444,0.0082
-0.3497,-0.9313,-0.7955,0.8773,0.4450,1.4444,0.0082
-0.3497,-0.9312,-0.7955,0.8773,0.4450,1.4444,0.0082
-0.3497,-0.9312,-0.7955,0.8773,0.4450,1.4444,0.0082
-0.3498,-0.9312,-0.7955,0.8772,0.4450,1.4444,0.0082
-0.3498,-0.9312,-0.7955,0.8772,0.4450,1.4444,0.0082
-0.3498,-0.9312,-0.7955,0.8772,0.4450,1.4444,0.0082
-0.3498,-0.9312,-0.7955,0.8772,0.4450,1.4444,0.0082
-0.3498,-0.9312,-0.7955,0.8772,0.4450,1.4444,0.0082
-0.3498,-0.9312,-0.7955,0.8771,0.4450,1.4444,0.0082
-0.3498,-0.9311,-0.7955,0.8771,0.4450,1.4444,0.0083
-0.3498,-0.9311,-0.7955,0.8771,0.4450,1.4444,0.0083
-0.3499,-0.9311,-0.7955,0.8771,0.4450,1.4444,0.0083
-0.3499,-0.9311,-0.7955,0.8770,0.4450,1.4443,0.0083
-0.3499,-0.9311,-0.7955,0.8770,0.4450,1.4443,0.0083
-0.3499,-0.9311,-0.7955,0.8770,0.4451,1.4443,0.0083
-0.3499,-0.9311,-0.7955,0.8770,0.4451,1.4443,0.0083
-0.3499,-0.9311,-0.7955,0.8770,0.4451,1.4443,0.0083
-0.3499,-0.9310,-0.7955,0.8769,0.4451,1.4443,0.0083
-0.3499,-0.9310,-0.7955,0.8769,0.4451,1.4443,0.0083
-0.3499,-0.9310,-0.7955,0.8769,0.4451,1.4443,0.0083
-0.3499,-0.9310,-0.7955,0.8769,0.4451,1.4443,0.0083
-0.3500,-0.9310,-0.7955,0.8769,0.4451,1.4443,0.0083
-0.3500,-0.9310,-0.7955,0.8768,0.4451,1.4443,0.0083
-0.3500,-0.9310,-0.7955,0.8768,0.4451,1.4443,0.0083
-0.3500,-0.9310,-0.7955,0.8768,0.4451,1.4443,0.0083
-0.3500,-0.9309,-0.7955,0.8768,0.4451,1.4443,0.0084
-0.3500,-0.9309,-0.7955,0.8768,0.4451,1.4443,0.0084
-0.3500,-0.9309,-0.7955,0.8767,0.4451,1.4443,0.0084
-0.3500,-0.9309,-0.7955,0.8767,0.4451,1.4443,0.0084
-0.3500,-0.9309,-0.7955,0.8767,0.4451,1.4443,0.0084
-0.3500,-0.9309,-0.7955,0.8767,0.4451,1.4443,0.0084
-0.3500,-0.9309,-0.7955,0.8767,0.4451,1.4443,0.0084
-0.3501,-0.9309,-0.7955,0.8767,0.4451,1.4443,0.0084
-0.3501,-0.9309,-0.7955,0.8766,0.4451,1.4443,0.0084
-0.3501,-0.9309,-0.7955,0.8766,0.4451,1.4443,0.0084
-0.3501,-0.9308,-0.7955,0.8766,0.4451,1.4443,0.0084
-0.3501,-0.9308,-0.7955,0.8766,0.4451,1.4443,0.0084
-0.3501,-0.9308,-0.7955,0.8766,0.4451,1.4443,0.0084
-0.3501,-0.9308,-0.7955,0.8766,0.4451,1.4443,0.0084
-0.3501,-0.9308,-0.7955,0.8765,0.4451,1.4443,0.0084
-0.3501,-0.9308,-0.7955,0.8765,0.4451,1.4443,0.0084
-0.3501,-0.9308,-0.7955,0.8765,0.4451,1.4443,0.0084
-0.3501,-0.9308,-0.7955,0.8765,0.4451,1.4443,0.0084
-0.3501,-0.9308,-0.7955,0.8765,0.4451,1.4443,0.0084
-0.3502,-0.9308,-0.7955,0.8765,0.4451,1.4442,0.0085
-0.3502,-0.9307,-0.7955,0.8764,0.4451,1.4442,0.0085
-0.3502,-0.9307,-0.7955,0.8764,0.4451,1.4442,0.0085
-0.3502,-0.9307,-0.7955,0.8764,0.4451,1.4442,0.0085
-0.3502,-0.9307,-0.7955,0.8764,0.4451,1.4442,0.0085
-0.3502,-0.9307,-0.7955,0.8764,0.4451,1.4442,0.0085
-0.3502,-0.9307,-0.7955,0.8764,0.4451,1.4442,0.0085
-0.3502,-0.9307,-0.7955,0.8764,0.4451,1.4442,0.0085
-0.3502,-0.9307,-0.7955,0.8763,0.4451,1.4442,0.0085
-0.3502,-0.9307,-0.7955,0.8763,0.4452,1.4442,0.0085
-0.3502,-0.9307,-0.7955,0.8763,0.4452,1.4442,0.0085
-0.3502,-0.9307,-0.7955,0.8763,0.4452,1.4442,0.0085
-0.3502,-0.9307,-0.7955,0.8763,0.4452,1.4442,0.0085
-0.3502,-0.9306,-0.7955,0.8763,0.4452,1.4442,0.0085
-0.3503,-0.9306,-0.7955,0.8763,0.4452,1.4442,0.0085
-0.3503,-0.9306,-0.7955,0.8762,0.4452,1.4442,0.0085
-0.3503,-0.9306,-0.7955,0.8762,0.4452,1.4442,0.0085
-0.3503,-0.9306,-0.7955,0.8762,0.4452,1.4442,0.0085
-0.3503,-0.9306,-0.7955,0.8762,0.4452,1.4442,0.0085
-0.3503,-0.9306,-0.7955,0.8762,0.4452,1.4442,0.0085
-0.3503,-0.9306,-0.7955,0.8762,0.4452,1.4442,0.0085
-0.3503,-0.9306,-0.7955,0.8762,0.4452,1.4442,0.0085
-0.3503,-0.9306,-0.7955,0.8762,0.4452,1.4442,0.0085
-0.3503,-0.9306,-0.7955,0.8761,0.4452,1.4442,0.0085
-0.3503,-0.9306,-0.7955,0.8761,0.4452,1.4442,0.0086
-0.3503,-0.9306,-0.7955,0.8761,0.4452,1.4442,0.0086
-0.3503,-0.9305,-0.7955,0.8761,0.4452,1.4442,0.0086
-0.3503,-0.9305,-0.7955,0.8761,0.4452,1.4442,0.0086
-0.3503,-0.9305,-0.7955,0.8761,0.4452,1.4442,0.0086
-0.3503,-0.9305,-0.7955,0.8761,0.4452,1.4442,0.0086
-0.3504,-0.9305,-0.7955,0.8761,0.4452,1.4442,0.0086
-0.3504,-0.9305,-0.7955,0.8760,0.4452,1.4442,0.0086
-0.3504,-0.9305,-0.7955,0.8760,0.4452,1.4442,0.0086
-0.3504,-0.9305,-0.7955,0.8760,0.4452,1.4442,0.0086
-0.3504,-0.9305,-0.7955,0.8760,0.4452,1.4442,0.0086
-0.3504,-0.9305,-0.7955,0.8760,0.4452,1.4442,0.0086
-0.3504,-0.9305,-0.7955,0.8760,0.4452,1.4442,0.0086
-0.3504,-0.9305,-0.7955,0.8760,0.4452,1.4442,0.0086
-0.3504,-0.9305,-0.7955,0.8760,0.4452,1.4442,0.0086
-0.3504,-0.9305,-0.7955,0.8760,0.4452,1.4442,0.0086
-0.3504,-0.9305,-0.7955,0.8759,0.4452,1.4442,0.0086
-0.3504,-0.9304,-0.7955,0.8759,0.4452,1.4442,0.0086
-0.3504,-0.9304,-0.7955,0.8759,0.4452,1.4442,0.0086
-0.3504,-0.9304,-0.7955,0.8759,0.4452,1.4442,0.0086
-0.3504,-0.9304,-0.7955,0.8759,0.4452,1.4442,0.0086
-0.3504,-0.9304,-0.7955,0.8759,0.4452,1.4442,0.0086
-0.3504,-0.9304,-0.7955,0.8759,0.4452,1.4442,0.0086
-0.3504,-0.9304,-0.7955,0.8759,0.4452,1.4442,0.0086
-0.3504,-0.9304,-0.7955,0.8759,0.4452,1.4441,0.0086
-0.3504,-0.9304,-0.7955,0.8759,0.4452,1.4441,0.0086
-0.3505,-0.9304,-0.7955,0.8758,0.4452,1.4441,0.0086
-0.3505,-0.9304,-0.7955,0.8758,0.4452,1.4441,0.0086
-0.3505,-0.9304,-0.7955,0.8758,0.4452,1.4441,0.0086
-0.3505,-0.9304,-0.7955,0.8758,0.4452,1.4441,0.0086
-0.3505,-0.9304,-0.7955,0.8758,0.4452,1.4441,0.0086
-0.3505,-0.9304,-0.7955,0.8758,0.4452,1.4441,0.0086
-0.3505,-0.9304,-0.7955,0.8758,0.4452,1.4441,0.0087
-0.3505,-0.9304,-0.7955,0.8758,0.4452,1.4441,0.0087
-0.3505,-0.9304,-0.7955,0.8758,0.4452,1.4441,0.0087
-0.3505,-0.9303,-0.7955,0.8758,0.4452,1.4441,0.0087
-0.3505,-0.9303,-0.7955,0.8758,0.4452,1.4441,0.0087
-0.3505,-0.9303,-0.7955,0.8757,0.4452,1.4441,0.0087
-0.3505,-0.9303,-0.7955,0.8757,0.4452,1.4441,0.0087
-0.3505,-0.9303,-0.7955,0.8757,0.4452,1.4441,0.0087
-0.3505,-0.9303,-0.7955,0.8757,0.4452,1.4441,0.0087
-0.3505,-0.9303,-0.7955,0.8757,0.4452,1.4441,0.0087
-0.3505,-0.9303,-0.7955,0.8757,0.4452,1.4441,0.0087
-0.3505,-0.9303,-0.7955,0.8757,0.4452,1.4441,0.0087
-0.3505,-0.9303,-0.7955,0.8757,0.4452,1.4441,0.0087
-0.3505,-0.9303,-0.7955,0.8757,0.4452,1.4441,0.0087
-0.3505,-0.9303,-0.7955,0.8757,0.4452,1.4441,0.0087
-0.3505,-0.9303,-0.7955,0.8757,0.4452,1.4441,0.0087
-0.3505,-0.9303,-0.7955,0.8757,0.4452,1.4441,0.0087
-0.3505,-0.9303,-0.7955,0.8757,0.4452,1.4441,0.0087
-0.3506,-0.9303,-0.7955,0.8756,0.4452,1.4441,0.0087
-0.3506,-0.9303,-0.7955,0.8756,0.4452,1.4441,0.0087
-0.3506,-0.9303,-0.7955,0.8756,0.4452,1.4441,0.0087
-0.3506,-0.9303,-0.7955,0.8756,0.4453,1.4441,0.0087
-0.3506,-0.9303,-0.7955,0.8756,0.4453,1.4441,0.0087
-0.3506,-0.9303,-0.7955,0.8756,0.4453,1.4441,0.0087
-0.3506,-0.9303,-0.7955,0.8756,0.4453,1.4441,0.0087
-0.3506,-0.9302,-0.7955,0.8756,0.4453,1.4441,0.0087
-0.3506,-0.9302,-0.7955,0.8756,0.4453,1.4441,0.0087
-0.3506,-0.9302,-0.7955,0.8756,0.4453,1.4441,0.0087
-0.3506,-0.9302,-0.7955,0.8756,0.4453,1.4441,0.0087
-0.3506,-0.9302,-0.7955,0.8756,0.4453,1.4441,0.0087
-0.3506,-0.9302,-0.7955,0.8756,0.4453,1.4441,0.0087
-0.3506,-0.9302,-0.7955,0.8756,0.4453,1.4441,0.0087
-0.3506,-0.9302,-0.7955,0.8755,0.4453,1.4441,0.0087
-0.3506,-0.9302,-0.7955,0.8755,0.4453,1.4441,0.0087
-0.3506,-0.9302,-0.7955,0.8755,0.4453,1.4441,0.0087
-0.3506,-0.9302,-0.7955,0.8755,0.4453,1.4441,0.0087
-0.3506,-0.9302,-0.7955,0.8755,0.4453,1.4441,0.0087
-0.3506,-0.9302,-0.7955,0.8755,0.4453,1.4441,0.0087
-0.3506,-0.9302,-0.7955,0.8755,0.4453,1.4441,0.0087
-0.3506,-0.9302,-0.7955,0.8755,0.4453,1.4441,0.0087
-0.3506,-0.9302,-0.7955,0.8755,0.4453,1.4441,0.0087
-0.3506,-0.9302,-0.7955,0.8755,0.4453,1.4441,0.0087
-0.3506,-0.9302,-0.7955,0.8755,0.4453,1.4441,0.0087
-0.3506,-0.9302,-0.7955,0.8755,0.4453,1.4441,0.0087
-0.3506,-0.9302,-0.7955,0.8755,0.4453,1.4441,0.0087
-0.3506,-0.9302,-0.7955,0.8755,0.4453,1.4441,0.0087
-0.3506,-0.9302,-0.7955,0.8755,0.4453,1.4441,0.0087
-0.3506,-0.9302,-0.7955,0.8755,0.4453,1.4441,0.0088
-0.3506,-0.9302,-0.7955,0.8755,0.4453,1.4441,0.0088
-0.3507,-0.9302,-0.7955,0.8754,0.4453,1.4441,0.0088
-0.3507,-0.9302,-0.7955,0.8754,0.4453,1.4441,0.0088
-0.3507,-0.9302,-0.7955,0.8754,0.4453,1.4441,0.0088
-0.3507,-0.9302,-0.7955,0.8754,0.4453,1.4441,0.0088
-0.3507,-0.9302,-0.7955,0.8754,0.4453,1.4441,0.0088
-0.3507,-0.9301,-0.7955,0.8754,0.4453,1.4441,0.0088
-0.3507,-0.9301,-0.7955,0.8754,0.4453,1.4441,0.0088
-0.3507,-0.9301,-0.7955,0.8754,0.4453,1.4441,0.0088
-0.3507,-0.9301,-0.7955,0.8754,0.4453,1.4441,0.0088
-0.3507,-0.9301,-0.7955,0.8754,0.4453,1.4441,0.0088
-0.3507,-0.9301,-0.7955,0.8754,0.4453,1.4441,0.0088
-0.3507,-0.9301,-0.7955,0.8754,0.4453,1.4441,0.0088
-0.3507,-0.9301,-0.7955,0.8754,0.4453,1.4441,0.0088
-0.3507,-0.9301,-0.7955,0.8754,0.4453,1.4441,0.0088
-0.3507,-0.9301,-0.7955,0.8754,0.4453,1.4441,0.0088
-0.3507,-0.9301,-0.7955,0.8754,0.4453,1.4441,0.0088
-0.3507,-0.9301,-0.7955,0.8754,0.4453,1.4441,0.0088
-0.3507,-0.9301,-0.7955,0.8754,0.4453,1.4441,0.0088
-0.3507,-0.9301,-0.7955,0.8754,0.4453,1.4441,0.0088
-0.3507,-0.9301,-0.7955,0.8754,0.4453,1.4441,0.0088
-0.3507,-0.9301,-0.7955,0.8753,0.4453,1.4441,0.0088
-0.3507,-0.9301,-0.7955,0.8753,0.4453,1.4441,0.0088
-0.3507,-0.9301,-0.7955,0.8753,0.4453,1.4441,0.0088
-0.3507,-0.9301,-0.7955,0.8753,0.4453,1.4441,0.0088
-0.3507,-0.9301,-0.7955,0.8753,0.4453,1.4441,0.0088
-0.3507,-0.9301,-0.7955,0.8753,0.4453,1.4441,0.0088
-0.3507,-0.9301,-0.7955,0.8753,0.4453,1.4441,0.0088
-0.3507,-0.9301,-0.7955,0.8753,0.4453,1.4441,0.0088
-0.3507,-0.9301,-0.7955,0.8753,0.4453,1.4441,0.0088
-0.3507,-0.9301,-0.7955,0.8753,0.4453,1.4441,0.0088
-0.3507,-0.9301,-0.7955,0.8753,0.4453,1.4441,0.0088
-0.3507,-0.9301,-0.7955,0.8753,0.4453,1.4441,0.0088
-0.3507,-0.9301,-0.7955,0.8753,0.4453,1.4441,0.0088
-0.3507,-0.9301,-0.7955,0.8753,0.4453,1.4441,0.0088
-0.3507,-0.9301,-0.7955,0.8753,0.4453,1.4441,0.0088
-0.3507,-0.9301,-0.7955,0.8753,0.4453,1.4441,0.0088
-0.3507,-0.9301,-0.7955,0.8753,0.4453,1.4440,0.0088
-0.3507,-0.9301,-0.7955,0.8753,0.4453,1.4440,0.0088
-0.3507,-0.9301,-0.7955,0.8753,0.4453,1.4440,0.0088
-0.3507,-0.9301,-0.7955,0.8753,0.4453,1.4440,0.0088
-0.3507,-0.9301,-0.7955,0.8753,0.4453,1.4440,0.0088
-0.3507,-0.9301,-0.7955,0.8753,0.4453,1.4440,0.0088
-0.3507,-0.9301,-0.7955,0.8753,0.4453,1.4440,0.0088
-0.3507,-0.9301,-0.7955,0.8753,0.4453,1.4440,0.0088
-0.3507,-0.9301,-0.7955,0.8753,0.4453,1.4440,0.0088
-0.3507,-0.9300,-0.7955,0.8752,0.4453,1.4440,0.0088
-0.3507,-0.9300,-0.7955,0.8752,0.4453,1.4440,0.0088
-0.3508,-0.9300,-0.7955,0.8752,0.4453,1.4440,0.0088
-0.3508,-0.9300,-0.7955,0.8752,0.4453,1.4440,0.0088
-0.3508,-0.9300,-0.7955,0.8752,0.4453,1.4440,0.0088
-0.3508,-0.9300,-0.7955,0.8752,0.4453,1.4440,0.0088
-0.3508,-0.9300,-0.7955,0.8752,0.4453,1.4440,0.0088
-0.3508,-0.9300,-0.7955,0.8752,0.4453,1.4440,0.0088
-0.3508,-0.9300,-0.7955,0.8752,0.4453,1.4440,0.0088
-0.3508,-0.9300,-0.7955,0.8752,0.4453,1.4440,0.0088
-0.3508,-0.9300,-0.7955,0.8752,0.4453,1.4440,0.0088
-0.3508,-0.9300,-0.7955,0.8752,0.4453,1.4440,0.0088
-0.3508,-0.9300,-0.7955,0.8752,0.4453,1.4440,0.0088
-0.3508,-0.9300,-0.7955,0.8752,0.4453,1.4440,0.0088
-0.3508,-0.9300,-0.7955,0.8752,0.4453,1.4440,0.0088
-0.3508,-0.9300,-0.7955,0.8752,0.4453,1.4440,0.0088
-0.3508,-0.9300,-0.7955,0.8752,0.4453,1.4440,0.0088
-0.3508,-0.9300,-0.7955,0.8752,0.4453,1.4440,0.0088
-0.3508,-0.9300,-0.7955,0.8752,0.4453,1.4440,0.0088
-0.3508,-0.9300,-0.7955,0.8752,0.4453,1.4440,0.0088
-0.3508,-0.9300,-0.7955,0.8752,0.4453,1.4440,0.0088
-0.3508,-0.9300,-0.7955,0.8752,0.4453,1.4440,0.0088
-0.3508,-0.9300,-0.7955,0.8752,0.4453,1.4440,0.0088
-0.3508,-0.9300,-0.7955,0.8752,0.4453,1.4440,0.0088
-0.3508,-0.9300,-0.7955,0.8752,0.4453,1.4440,0.0088
-0.3508,-0.9300,-0.7955,0.8752,0.4453,1.4440,0.0088
-0.3508,-0.9300,-0.7955,0.8752,0.4453,1.4440,0.0088
-0.3508,-0.9300,-0.7955,0.8752,0.4453,1.4440,0.0088
-0.3508,-0.9300,-0.7955,0.8752,0.4453,1.4440,0.0088
-0.3508,-0.9300,-0.7955,0.8752,0.4453,1.4440,0.0088
-0.3508,-0.9300,-0.7955,0.8752,0.4453,1.4440,0.0088
