0.3080,-0.5000,-0.7860,0.8020,0.2520,0.3920,0.1160
0.3068,-0.4962,-0.7740,0.7762,0.2551,0.3939,0.1101
0.3063,-0.4926,-0.7623,0.7509,0.2581,0.3954,0.1041
0.3076,-0.4905,-0.7510,0.7293,0.2609,0.3963,0.0980
0.3081,-0.4959,-0.7442,0.7277,0.2635,0.3967,0.0918
0.3080,-0.5038,-0.7390,0.7322,0.2661,0.3970,0.0857
0.3079,-0.5117,-0.7339,0.7367,0.2685,0.3975,0.0798
0.3078,-0.5195,-0.7289,0.7411,0.2710,0.3982,0.0741
0.3077,-0.5272,-0.7240,0.7454,0.2734,0.3990,0.0687
0.3077,-0.5349,-0.7192,0.7496,0.2758,0.3999,0.0635
0.3076,-0.5426,-0.7146,0.7539,0.2781,0.4010,0.0585
0.3075,-0.5502,-0.7101,0.7580,0.2804,0.4022,0.0537
0.3074,-0.5578,-0.7058,0.7621,0.2827,0.4036,0.0490
0.3074,-0.5654,-0.7015,0.7661,0.2850,0.4050,0.0446
0.3074,-0.5729,-0.6974,0.7701,0.2872,0.4066,0.0404
0.3074,-0.5804,-0.6933,0.7741,0.2894,0.4083,0.0363
0.3074,-0.5879,-0.6894,0.7781,0.2915,0.4101,0.0324
0.3075,-0.5954,-0.6856,0.7820,0.2937,0.4121,0.0287
0.3075,-0.6029,-0.6819,0.7860,0.2958,0.4141,0.0252
0.3077,-0.6103,-0.6783,0.7898,0.2979,0.4162,0.0218
0.3078,-0.6178,-0.6748,0.7938,0.3000,0.4185,0.0186
0.3080,-0.6252,-0.6714,0.7978,0.3020,0.4208,0.0155
0.3082,-0.6326,-0.6681,0.8017,0.3040,0.4233,0.0126
0.3084,-0.6401,-0.6649,0.8057,0.3060,0.4258,0.0098
0.3087,-0.6475,-0.6618,0.8097,0.3080,0.4285,0.0072
0.3090,-0.6549,-0.6588,0.8137,0.3099,0.4312,0.0047
0.3094,-0.6623,-0.6559,0.8177,0.3119,0.4340,0.0023
0.3098,-0.6698,-0.6530,0.8218,0.3138,0.4369,0.0001
0.3102,-0.6772,-0.6503,0.8259,0.3157,0.4399,-0.0020
0.3107,-0.6847,-0.6476,0.8301,0.3175,0.4430,-0.0040
0.3112,-0.6921,-0.6450,0.8343,0.3194,0.4461,-0.0058
0.3117,-0.6996,-0.6425,0.8385,0.3212,0.4494,-0.0076
0.3123,-0.7071,-0.6401,0.8428,0.3230,0.4527,-0.0092
0.3129,-0.7145,-0.6377,0.8471,0.3248,0.4561,-0.0107
0.3135,-0.7218,-0.6354,0.8515,0.3265,0.4596,-0.0121
0.3142,-0.7289,-0.6332,0.8560,0.3283,0.4631,-0.0134
0.3149,-0.7360,-0.6311,0.8606,0.3300,0.4668,-0.0147
0.3156,-0.7429,-0.6290,0.8652,0.3317,0.4704,-0.0158
0.3164,-0.7497,-0.6270,0.8699,0.3333,0.4742,-0.0168
0.3171,-0.7565,-0.6250,0.8747,0.3350,0.4780,-0.0178
0.3179,-0.7631,-0.6231,0.8795,0.3366,0.4819,-0.0186
0.3187,-0.7696,-0.6213,0.8845,0.3383,0.4858,-0.0194
0.3196,-0.7760,-0.6195,0.8894,0.3399,0.4898,-0.0202
0.3204,-0.7823,-0.6177,0.8945,0.3415,0.4939,-0.0208
0.3213,-0.7885,-0.6161,0.8997,0.3430,0.4980,-0.0214
0.3222,-0.7947,-0.6144,0.9049,0.3446,0.5021,-0.0219
0.3231,-0.8007,-0.6128,0.9102,0.3461,0.5063,-0.0224
0.3240,-0.8067,-0.6112,0.9156,0.3476,0.5106,-0.0228
0.3249,-0.8126,-0.6097,0.9211,0.3491,0.5148,-0.0231
0.3258,-0.8184,-0.6082,0.9267,0.3506,0.5192,-0.0234
0.3268,-0.8241,-0.6068,0.9323,0.3521,0.5235,-0.0237
0.3277,-0.8297,-0.6054,0.9380,0.3535,0.5279,-0.0239
0.3287,-0.8353,-0.6040,0.9435,0.3550,0.5324,-0.0241
0.3296,-0.8409,-0.6027,0.9491,0.3564,0.5368,-0.0242
0.3305,-0.8463,-0.6014,0.9545,0.3578,0.5413,-0.0243
0.3314,-0.8518,-0.6002,0.9599,0.3591,0.5459,-0.0243
0.3323,-0.8572,-0.5990,0.9653,0.3605,0.5504,-0.0243
0.3332,-0.8625,-0.5979,0.9705,0.3619,0.5550,-0.0243
0.3340,-0.8678,-0.5968,0.9758,0.3632,0.5596,-0.0243
0.3349,-0.8730,-0.5958,0.9810,0.3645,0.5643,-0.0242
0.3358,-0.8782,-0.5947,0.9862,0.3658,0.5689,-0.0241
0.3367,-0.8836,-0.5938,0.9916,0.3670,0.5736,-0.0240
0.3380,-0.8899,-0.5931,0.9986,0.3682,0.5782,-0.0238
0.3397,-0.8980,-0.5929,1.0086,0.3692,0.5830,-0.0237
0.3416,-0.9079,-0.5934,1.0215,0.3699,0.5877,-0.0235
0.3427,-0.9185,-0.5948,1.0358,0.3705,0.5926,-0.0232
0.3420,-0.9278,-0.5968,1.0483,0.3709,0.5975,-0.0230
0.3411,-0.9368,-0.5988,1.0602,0.3714,0.6025,-0.0227
0.3415,-0.9410,-0.5980,1.0640,0.3726,0.6067,-0.0223
0.3419,-0.9451,-0.5973,1.0677,0.3738,0.6110,-0.0220
0.3423,-0.9491,-0.5966,1.0714,0.3750,0.6153,-0.0217
0.3427,-0.9532,-0.5959,1.0751,0.3762,0.6196,-0.0213
0.3431,-0.9572,-0.5952,1.0788,0.3773,0.6240,-0.0210
0.3435,-0.9612,-0.5946,1.0824,0.3784,0.6284,-0.0206
0.3439,-0.9652,-0.5939,1.0860,0.3796,0.6328,-0.0203
0.3442,-0.9691,-0.5933,1.0896,0.3807,0.6372,-0.0199
0.3446,-0.9731,-0.5927,1.0932,0.3817,0.6417,-0.0195
0.3449,-0.9770,-0.5921,1.0968,0.3828,0.6462,-0.0191
0.3452,-0.9808,-0.5916,1.1003,0.3839,0.6507,-0.0188
0.3456,-0.9847,-0.5910,1.1038,0.3849,0.6552,-0.0184
0.3459,-0.9885,-0.5905,1.1073,0.3859,0.6598,-0.0180
0.3462,-0.9923,-0.5900,1.1107,0.3869,0.6644,-0.0176
0.3464,-0.9961,-0.5895,1.1142,0.3879,0.6690,-0.0172
0.3467,-0.9998,-0.5890,1.1176,0.3889,0.6737,-0.0169
0.3470,-1.0035,-0.5886,1.1210,0.3898,0.6783,-0.0165
0.3472,-1.0072,-0.5881,1.1243,0.3908,0.6830,-0.0161
0.3475,-1.0109,-0.5877,1.1277,0.3917,0.6877,-0.0157
0.3477,-1.0146,-0.5873,1.1310,0.3926,0.6925,-0.0153
0.3479,-1.0182,-0.5869,1.1343,0.3935,0.6972,-0.0150
0.3481,-1.0218,-0.5865,1.1376,0.3944,0.7020,-0.0146
0.3483,-1.0254,-0.5861,1.1409,0.3953,0.7068,-0.0142
0.3485,-1.0290,-0.5857,1.1441,0.3961,0.7116,-0.0139
0.3487,-1.0326,-0.5854,1.1474,0.3969,0.7164,-0.0135
0.3488,-1.0361,-0.5850,1.1506,0.3978,0.7213,-0.0131
0.3489,-1.0396,-0.5847,1.1538,0.3986,0.7261,-0.0128
0.3491,-1.0431,-0.5844,1.1569,0.3994,0.7310,-0.0124
0.3492,-1.0466,-0.5841,1.1601,0.4002,0.7359,-0.0121
0.3493,-1.0500,-0.5838,1.1632,0.4009,0.7408,-0.0117
0.3494,-1.0535,-0.5836,1.1663,0.4017,0.7458,-0.0114
0.3494,-1.0569,-0.5833,1.1694,0.4024,0.7507,-0.0111
0.3495,-1.0603,-0.5831,1.1725,0.4031,0.7557,-0.0107
0.3495,-1.0636,-0.5828,1.1756,0.4039,0.7607,-0.0104
0.3496,-1.0670,-0.5826,1.1786,0.4046,0.7657,-0.0101
0.3496,-1.0703,-0.5824,1.1816,0.4053,0.7707,-0.0098
0.3496,-1.0736,-0.5822,1.1846,0.4059,0.7757,-0.0095
0.3496,-1.0769,-0.5820,1.1876,0.4066,0.7808,-0.0092
0.3495,-1.0802,-0.5818,1.1905,0.4072,0.7859,-0.0089
0.3495,-1.0835,-0.5817,1.1935,0.4079,0.7909,-0.0086
0.3494,-1.0867,-0.5815,1.1964,0.4085,0.7960,-0.0084
0.3493,-1.0899,-0.5814,1.1993,0.4091,0.8011,-0.0081
0.3492,-1.0931,-0.5813,1.2022,0.4097,0.8062,-0.0078
0.3491,-1.0963,-0.5812,1.2051,0.4103,0.8114,-0.0076
0.3490,-1.0995,-0.5810,1.2079,0.4109,0.8165,-0.0074
0.3489,-1.1026,-0.5810,1.2108,0.4114,0.8217,-0.0071
0.3487,-1.1058,-0.5809,1.2136,0.4120,0.8268,-0.0069
0.3485,-1.1089,-0.5808,1.2164,0.4125,0.8320,-0.0067
0.3483,-1.1120,-0.5807,1.2191,0.4130,0.8372,-0.0065
0.3481,-1.1151,-0.5807,1.2219,0.4136,0.8424,-0.0063
0.3479,-1.1181,-0.5807,1.2246,0.4141,0.8476,-0.0061
0.3476,-1.1212,-0.5806,1.2273,0.4146,0.8529,-0.0059
0.3473,-1.1242,-0.5806,1.2300,0.4150,0.8581,-0.0057
0.3470,-1.1272,-0.5806,1.2327,0.4155,0.8633,-0.0056
0.3467,-1.1302,-0.5806,1.2354,0.4160,0.8686,-0.0054
0.3464,-1.1331,-0.5806,1.2380,0.4164,0.8739,-0.0053
0.3461,-1.1361,-0.5807,1.2406,0.4168,0.8791,-0.0052
0.3457,-1.1390,-0.5807,1.2432,0.4173,0.8844,-0.0050
0.3453,-1.1419,-0.5807,1.2458,0.4177,0.8897,-0.0049
0.3449,-1.1448,-0.5808,1.2483,0.4181,0.8950,-0.0048
0.3445,-1.1476,-0.5809,1.2509,0.4185,0.9003,-0.0047
0.3440,-1.1505,-0.5810,1.2534,0.4189,0.9057,-0.0047
0.3435,-1.1533,-0.5811,1.2559,0.4192,0.9110,-0.0046
0.3430,-1.1561,-0.5812,1.2584,0.4196,0.9163,-0.0045
0.3425,-1.1589,-0.5813,1.2608,0.4199,0.9217,-0.0045
0.3420,-1.1617,-0.5814,1.2632,0.4203,0.9270,-0.0044
0.3414,-1.1644,-0.5816,1.2656,0.4206,0.9324,-0.0044
0.3409,-1.1672,-0.5817,1.2680,0.4209,0.9377,-0.0044
0.3403,-1.1699,-0.5819,1.2704,0.4212,0.9431,-0.0044
0.3396,-1.1725,-0.5821,1.2727,0.4216,0.9485,-0.0044
0.3390,-1.1752,-0.5823,1.2751,0.4218,0.9539,-0.0044
0.3383,-1.1778,-0.5825,1.2774,0.4221,0.9592,-0.0044
0.3376,-1.1805,-0.5827,1.2796,0.4224,0.9646,-0.0044
0.3369,-1.1831,-0.5829,1.2819,0.4227,0.9700,-0.0045
0.3362,-1.1856,-0.5832,1.2841,0.4229,0.9754,-0.0045
0.3354,-1.1882,-0.5834,1.2863,0.4232,0.9808,-0.0046
0.3346,-1.1907,-0.5837,1.2885,0.4234,0.9862,-0.0047
0.3338,-1.1932,-0.5840,1.2907,0.4236,0.9917,-0.0048
0.3330,-1.1957,-0.5842,1.2928,0.4238,0.9971,-0.0048
0.3321,-1.1982,-0.5846,1.2949,0.4240,1.0025,-0.0050
0.3312,-1.2007,-0.5849,1.2970,0.4242,1.0080,-0.0051
0.3303,-1.2032,-0.5853,1.2992,0.4243,1.0136,-0.0052
0.3291,-1.2064,-0.5861,1.3020,0.4242,1.0200,-0.0053
0.3273,-1.2102,-0.5875,1.3053,0.4237,1.0272,-0.0055
0.3247,-1.2139,-0.5896,1.3088,0.4228,1.0344,-0.0057
0.3215,-1.2173,-0.5921,1.3119,0.4218,1.0411,-0.0058
0.3186,-1.2209,-0.5946,1.3152,0.4207,1.0483,-0.0060
0.3155,-1.2245,-0.5970,1.3185,0.4197,1.0555,-0.0063
0.3125,-1.2280,-0.5994,1.3216,0.4186,1.0626,-0.0065
0.3095,-1.2314,-0.6018,1.3246,0.4176,1.0697,-0.0067
0.3065,-1.2347,-0.6042,1.3275,0.4166,1.0768,-0.0070
0.3034,-1.2378,-0.6065,1.3302,0.4156,1.0837,-0.0073
0.3003,-1.2408,-0.6089,1.3329,0.4146,1.0907,-0.0076
0.2972,-1.2438,-0.6112,1.3354,0.4135,1.0976,-0.0079
0.2941,-1.2466,-0.6135,1.3378,0.4125,1.1044,-0.0082
0.2910,-1.2494,-0.6157,1.3402,0.4116,1.1111,-0.0085
0.2879,-1.2521,-0.6180,1.3424,0.4106,1.1179,-0.0089
0.2848,-1.2546,-0.6203,1.3446,0.4096,1.1245,-0.0093
0.2817,-1.2571,-0.6225,1.3467,0.4086,1.1312,-0.0096
0.2785,-1.2595,-0.6247,1.3486,0.4077,1.1377,-0.0100
0.2754,-1.2618,-0.6269,1.3505,0.4067,1.1441,-0.0104
0.2722,-1.2640,-0.6290,1.3523,0.4058,1.1506,-0.0109
0.2690,-1.2661,-0.6312,1.3540,0.4049,1.1570,-0.0113
0.2659,-1.2681,-0.6333,1.3556,0.4040,1.1633,-0.0118
0.2627,-1.2701,-0.6354,1.3571,0.4031,1.1696,-0.0122
0.2595,-1.2720,-0.6375,1.3586,0.4022,1.1758,-0.0127
0.2563,-1.2738,-0.6396,1.3600,0.4013,1.1819,-0.0132
0.2531,-1.2755,-0.6417,1.3613,0.4004,1.1880,-0.0137
0.2500,-1.2772,-0.6437,1.3626,0.3996,1.1941,-0.0142
0.2468,-1.2788,-0.6457,1.3638,0.3987,1.2001,-0.0147
0.2436,-1.2803,-0.6477,1.3649,0.3979,1.2060,-0.0152
0.2404,-1.2817,-0.6497,1.3660,0.3971,1.2119,-0.0157
0.2372,-1.2831,-0.6517,1.3670,0.3962,1.2177,-0.0163
0.2340,-1.2844,-0.6536,1.3679,0.3954,1.2235,-0.0168
0.2308,-1.2856,-0.6555,1.3688,0.3946,1.2292,-0.0174
0.2276,-1.2868,-0.6575,1.3696,0.3939,1.2349,-0.0180
0.2244,-1.2879,-0.6594,1.3704,0.3931,1.2405,-0.0185
0.2212,-1.2890,-0.6612,1.3711,0.3923,1.2461,-0.0191
0.2180,-1.2900,-0.6631,1.3717,0.3916,1.2516,-0.0197
0.2149,-1.2910,-0.6649,1.3724,0.3908,1.2571,-0.0203
0.2117,-1.2918,-0.6667,1.3729,0.3901,1.2625,-0.0209
0.2085,-1.2926,-0.6685,1.3734,0.3894,1.2678,-0.0215
0.2053,-1.2934,-0.6703,1.3738,0.3887,1.2731,-0.0221
0.2021,-1.2941,-0.6721,1.3742,0.3880,1.2784,-0.0227
0.1990,-1.2948,-0.6738,1.3746,0.3873,1.2836,-0.0234
0.1958,-1.2954,-0.6756,1.3749,0.3867,1.2887,-0.0240
0.1927,-1.2959,-0.6773,1.3752,0.3860,1.2938,-0.0246
0.1895,-1.2965,-0.6790,1.3754,0.3853,1.2989,-0.0253
0.1864,-1.2969,-0.6807,1.3756,0.3847,1.3039,-0.0259
0.1832,-1.2973,-0.6823,1.3758,0.3841,1.3088,-0.0265
0.1801,-1.2977,-0.6840,1.3759,0.3835,1.3138,-0.0272
0.1770,-1.2981,-0.6856,1.3760,0.3829,1.3186,-0.0278
0.1738,-1.2983,-0.6872,1.3760,0.3823,1.3234,-0.0285
0.1707,-1.2986,-0.6888,1.3761,0.3817,1.3282,-0.0291
0.1676,-1.2988,-0.6904,1.3760,0.3811,1.3329,-0.0298
0.1645,-1.2989,-0.6920,1.3760,0.3805,1.3376,-0.0304
0.1614,-1.2991,-0.6935,1.3759,0.3800,1.3422,-0.0311
0.1584,-1.2992,-0.6950,1.3758,0.3794,1.3468,-0.0317
0.1553,-1.2992,-0.6966,1.3756,0.3789,1.3514,-0.0324
0.1522,-1.2992,-0.6981,1.3755,0.3784,1.3559,-0.0330
0.1492,-1.2992,-0.6995,1.3752,0.3778,1.3603,-0.0337
0.1461,-1.2991,-0.7010,1.3750,0.3773,1.3647,-0.0343
0.1431,-1.2990,-0.7025,1.3747,0.3768,1.3691,-0.0349
0.1400,-1.2989,-0.7039,1.3745,0.3763,1.3734,-0.0356
0.1370,-1.2988,-0.7053,1.3742,0.3759,1.3777,-0.0362
0.1340,-1.2986,-0.7067,1.3738,0.3754,1.3819,-0.0369
0.1310,-1.2983,-0.7081,1.3735,0.3749,1.3861,-0.0375
0.1280,-1.2981,-0.7095,1.3731,0.3745,1.3902,-0.0381
0.1251,-1.2978,-0.7108,1.3727,0.3740,1.3943,-0.0388
0.1221,-1.2975,-0.7122,1.3722,0.3736,1.3984,-0.0394
0.1191,-1.2972,-0.7135,1.3718,0.3732,1.4025,-0.0400
0.1162,-1.2968,-0.7148,1.3713,0.3727,1.4064,-0.0407
0.1133,-1.2964,-0.7161,1.3708,0.3723,1.4103,-0.0413
0.1103,-1.2960,-0.7174,1.3703,0.3719,1.4142,-0.0419
0.1074,-1.2956,-0.7187,1.3698,0.3715,1.4181,-0.0425
0.1045,-1.2951,-0.7199,1.3692,0.3711,1.4219,-0.0431
0.1016,-1.2946,-0.7212,1.3687,0.3708,1.4257,-0.0437
0.0988,-1.2941,-0.7224,1.3681,0.3704,1.4295,-0.0443
0.0959,-1.2936,-0.7236,1.3675,0.3700,1.4332,-0.0449
0.0930,-1.2931,-0.7248,1.3669,0.3697,1.4369,-0.0455
0.0902,-1.2925,-0.7260,1.3662,0.3693,1.4405,-0.0461
0.0874,-1.2919,-0.7272,1.3656,0.3690,1.4441,-0.0467
0.0845,-1.2913,-0.7283,1.3649,0.3687,1.4477,-0.0472
0.0817,-1.2907,-0.7295,1.3643,0.3683,1.4512,-0.0478
0.0790,-1.2900,-0.7306,1.3636,0.3680,1.4547,-0.0484
0.0762,-1.2894,-0.7317,1.3629,0.3677,1.4582,-0.0489
0.0734,-1.2887,-0.7328,1.3622,0.3674,1.4616,-0.0495
0.0707,-1.2880,-0.7339,1.3614,0.3671,1.4650,-0.0500
0.0679,-1.2873,-0.7350,1.3607,0.3668,1.4683,-0.0506
0.0652,-1.2866,-0.7361,1.3600,0.3665,1.4717,-0.0511
0.0625,-1.2858,-0.7371,1.3592,0.3662,1.4750,-0.0516
0.0598,-1.2851,-0.7382,1.3584,0.3659,1.4782,-0.0521
0.0571,-1.2843,-0.7392,1.3576,0.3657,1.4814,-0.0526
0.0544,-1.2835,-0.7402,1.3568,0.3654,1.4846,-0.0531
0.0518,-1.2827,-0.7412,1.3560,0.3652,1.4878,-0.0536
0.0491,-1.2819,-0.7422,1.3552,0.3649,1.4909,-0.0541
0.0465,-1.2811,-0.7432,1.3544,0.3647,1.4940,-0.0546
0.0438,-1.2803,-0.7442,1.3536,0.3644,1.4971,-0.0551
0.0412,-1.2795,-0.7451,1.3527,0.3642,1.5001,-0.0556
0.0386,-1.2786,-0.7461,1.3519,0.3640,1.5032,-0.0560
0.0361,-1.2777,-0.7470,1.3510,0.3638,1.5061,-0.0565
0.0335,-1.2769,-0.7479,1.3502,0.3635,1.5091,-0.0569
0.0309,-1.2760,-0.7488,1.3493,0.3633,1.5120,-0.0574
0.0284,-1.2751,-0.7498,1.3484,0.3631,1.5149,-0.0578
0.0259,-1.2742,-0.7506,1.3476,0.3629,1.5178,-0.0582
0.0242,-1.2748,-0.7516,1.3485,0.3627,1.5185,-0.0587
0.0227,-1.2758,-0.7526,1.3498,0.3625,1.5187,-0.0591
0.0213,-1.2767,-0.7536,1.3510,0.3623,1.5190,-0.0595
0.0198,-1.2776,-0.7546,1.3522,0.3621,1.5193,-0.0599
0.0183,-1.2785,-0.7555,1.3534,0.3619,1.5196,-0.0603
0.0169,-1.2793,-0.7565,1.3546,0.3617,1.5198,-0.0607
0.0154,-1.2802,-0.7574,1.3557,0.3615,1.5201,-0.0611
0.0139,-1.2810,-0.7583,1.3568,0.3614,1.5204,-0.0615
0.0125,-1.2818,-0.7593,1.3579,0.3612,1.5208,-0.0619
0.0110,-1.2826,-0.7602,1.3589,0.3611,1.5211,-0.0623
0.0096,-1.2833,-0.7611,1.3600,0.3609,1.5214,-0.0626
0.0081,-1.2841,-0.7619,1.3610,0.3608,1.5217,-0.0630
0.0067,-1.2848,-0.7628,1.3619,0.3607,1.5221,-0.0634
0.0053,-1.2855,-0.7637,1.3629,0.3605,1.5224,-0.0638
0.0038,-1.2862,-0.7645,1.3638,0.3604,1.5228,-0.0642
0.0024,-1.2869,-0.7654,1.3647,0.3603,1.5231,-0.0645
0.0009,-1.2876,-0.7662,1.3655,0.3602,1.5235,-0.0649
-0.0005,-1.2882,-0.7670,1.3664,0.3601,1.5239,-0.0652
-0.0020,-1.2888,-0.7679,1.3671,0.3600,1.5244,-0.0656
-0.0037,-1.2889,-0.7687,1.3673,0.3599,1.5256,-0.0659
-0.0058,-1.2884,-0.7695,1.3669,0.3598,1.5274,-0.0663
-0.0081,-1.2873,-0.7702,1.3658,0.3598,1.5299,-0.0666
-0.0105,-1.2861,-0.7708,1.3646,0.3597,1.5326,-0.0670
-0.0128,-1.2849,-0.7715,1.3634,0.3597,1.5353,-0.0673
-0.0152,-1.2837,-0.7722,1.3622,0.3596,1.5379,-0.0676
-0.0175,-1.2825,-0.7728,1.3610,0.3595,1.5405,-0.0679
-0.0198,-1.2813,-0.7734,1.3598,0.3595,1.5431,-0.0682
-0.0221,-1.2801,-0.7741,1.3585,0.3594,1.5456,-0.0685
-0.0243,-1.2789,-0.7747,1.3573,0.3594,1.5482,-0.0688
-0.0266,-1.2776,-0.7753,1.3561,0.3594,1.5507,-0.0691
-0.0288,-1.2764,-0.7759,1.3549,0.3593,1.5531,-0.0693
-0.0311,-1.2752,-0.7765,1.3537,0.3593,1.5556,-0.0696
-0.0333,-1.2740,-0.7771,1.3525,0.3592,1.5580,-0.0698
-0.0355,-1.2728,-0.7777,1.3513,0.3592,1.5604,-0.0701
-0.0377,-1.2716,-0.7783,1.3501,0.3592,1.5628,-0.0703
-0.0398,-1.2704,-0.7788,1.3489,0.3591,1.5652,-0.0705
-0.0419,-1.2694,-0.7794,1.3480,0.3591,1.5675,-0.0707
-0.0434,-1.2692,-0.7800,1.3480,0.3590,1.5697,-0.0710
-0.0451,-1.2687,-0.7806,1.3476,0.3590,1.5716,-0.0712
-0.0469,-1.2682,-0.7813,1.3472,0.3590,1.5735,-0.0714
-0.0486,-1.2676,-0.7819,1.3468,0.3590,1.5754,-0.0716
-0.0504,-1.2670,-0.7825,1.3463,0.3590,1.5772,-0.0718
-0.0523,-1.2663,-0.7831,1.3457,0.3590,1.5791,-0.0719
-0.0541,-1.2656,-0.7837,1.3451,0.3590,1.5809,-0.0721
-0.0560,-1.2648,-0.7843,1.3444,0.3589,1.5828,-0.0723
-0.0579,-1.2640,-0.7850,1.3437,0.3589,1.5846,-0.0725
-0.0598,-1.2631,-0.7856,1.3429,0.3589,1.5864,-0.0726
-0.0618,-1.2622,-0.7862,1.3421,0.3588,1.5882,-0.0728
-0.0638,-1.2612,-0.7868,1.3412,0.3588,1.5899,-0.0729
-0.0658,-1.2602,-0.7874,1.3402,0.3588,1.5917,-0.0731
-0.0678,-1.2592,-0.7881,1.3392,0.3587,1.5935,-0.0732
-0.0699,-1.2581,-0.7887,1.3382,0.3587,1.5952,-0.0733
-0.0720,-1.2570,-0.7893,1.3371,0.3586,1.5969,-0.0735
-0.0741,-1.2558,-0.7899,1.3359,0.3586,1.5986,-0.0736
-0.0762,-1.2546,-0.7906,1.3348,0.3585,1.6002,-0.0737
-0.0783,-1.2534,-0.7912,1.3335,0.3585,1.6019,-0.0738
-0.0805,-1.2521,-0.7918,1.3323,0.3584,1.6035,-0.0738
-0.0826,-1.2508,-0.7925,1.3309,0.3584,1.6051,-0.0739
-0.0848,-1.2494,-0.7931,1.3296,0.3583,1.6066,-0.0740
-0.0870,-1.2480,-0.7937,1.3282,0.3582,1.6081,-0.0741
-0.0893,-1.2466,-0.7944,1.3267,0.3581,1.6095,-0.0741
-0.0916,-1.2450,-0.7951,1.3250,0.3581,1.6106,-0.0742
-0.0941,-1.2433,-0.7958,1.3231,0.3580,1.6113,-0.0742
-0.0966,-1.2413,-0.7965,1.3210,0.3581,1.6116,-0.0742
-0.0991,-1.2393,-0.7972,1.3187,0.3582,1.6114,-0.0742
-0.1017,-1.2370,-0.7979,1.3161,0.3584,1.6108,-0.0742
-0.1042,-1.2345,-0.7984,1.3132,0.3587,1.6098,-0.0742
-0.1066,-1.2319,-0.7988,1.3100,0.3593,1.6083,-0.0742
-0.1089,-1.2291,-0.7990,1.3067,0.3600,1.6065,-0.0742
-0.1111,-1.2263,-0.7991,1.3032,0.3607,1.6046,-0.0741
-0.1132,-1.2235,-0.7992,1.2998,0.3615,1.6027,-0.0740
-0.1154,-1.2207,-0.7993,1.2964,0.3623,1.6008,-0.0739
-0.1175,-1.2180,-0.7995,1.2931,0.3631,1.5989,-0.0739
-0.1196,-1.2153,-0.7996,1.2897,0.3638,1.5970,-0.0737
-0.1217,-1.2126,-0.7997,1.2864,0.3646,1.5952,-0.0736
-0.1238,-1.2100,-0.7997,1.2831,0.3653,1.5934,-0.0735
-0.1258,-1.2073,-0.7998,1.2798,0.3661,1.5916,-0.0733
-0.1279,-1.2047,-0.7999,1.2766,0.3668,1.5898,-0.0732
-0.1299,-1.2022,-0.8000,1.2733,0.3676,1.5881,-0.0730
-0.1319,-1.1996,-0.8001,1.2701,0.3683,1.5863,-0.0728
-0.1339,-1.1971,-0.8002,1.2670,0.3690,1.5846,-0.0727
-0.1358,-1.1946,-0.8002,1.2638,0.3697,1.5829,-0.0725
-0.1378,-1.1921,-0.8003,1.2607,0.3705,1.5813,-0.0723
-0.1397,-1.1896,-0.8004,1.2575,0.3712,1.5796,-0.0720
-0.1416,-1.1872,-0.8004,1.2544,0.3719,1.5780,-0.0718
-0.1435,-1.1848,-0.8005,1.2514,0.3726,1.5764,-0.0716
-0.1454,-1.1824,-0.8005,1.2483,0.3733,1.5748,-0.0713
-0.1472,-1.1801,-0.8006,1.2453,0.3740,1.5732,-0.0711
-0.1491,-1.1777,-0.8006,1.2423,0.3747,1.5716,-0.0708
-0.1509,-1.1754,-0.8007,1.2393,0.3754,1.5701,-0.0706
-0.1527,-1.1731,-0.8007,1.2363,0.3760,1.5686,-0.0703
-0.1545,-1.1708,-0.8007,1.2334,0.3767,1.5671,-0.0700
-0.1563,-1.1686,-0.8008,1.2305,0.3774,1.5656,-0.0697
-0.1581,-1.1663,-0.8008,1.2276,0.3781,1.5641,-0.0695
-0.1598,-1.1641,-0.8008,1.2247,0.3787,1.5627,-0.0692
-0.1616,-1.1619,-0.8009,1.2218,0.3794,1.5612,-0.0689
-0.1633,-1.1598,-0.8009,1.2190,0.3800,1.5598,-0.0686
-0.1650,-1.1576,-0.8009,1.2162,0.3807,1.5584,-0.0682
-0.1667,-1.1555,-0.8010,1.2134,0.3813,1.5570,-0.0679
-0.1683,-1.1534,-0.8010,1.2106,0.3819,1.5557,-0.0676
-0.1700,-1.1513,-0.8010,1.2078,0.3826,1.5543,-0.0673
-0.1716,-1.1492,-0.8010,1.2051,0.3832,1.5530,-0.0669
-0.1733,-1.1472,-0.8010,1.2024,0.3838,1.5517,-0.0666
-0.1749,-1.1452,-0.8010,1.1997,0.3844,1.5504,-0.0663
-0.1765,-1.1431,-0.8011,1.1970,0.3850,1.5491,-0.0659
-0.1781,-1.1411,-0.8011,1.1943,0.3856,1.5478,-0.0656
-0.1797,-1.1392,-0.8011,1.1917,0.3862,1.5465,-0.0652
-0.1812,-1.1372,-0.8011,1.1890,0.3868,1.5453,-0.0649
-0.1828,-1.1353,-0.8011,1.1864,0.3874,1.5441,-0.0645
-0.1843,-1.1334,-0.8011,1.1838,0.3880,1.5429,-0.0641
-0.1858,-1.1315,-0.8011,1.1813,0.3885,1.5417,-0.0638
-0.1873,-1.1296,-0.8011,1.1787,0.3891,1.5405,-0.0634
-0.1888,-1.1277,-0.8011,1.1762,0.3897,1.5393,-0.0630
-0.1903,-1.1259,-0.8011,1.1737,0.3902,1.5382,-0.0626
-0.1917,-1.1240,-0.8011,1.1712,0.3908,1.5370,-0.0623
-0.1932,-1.1222,-0.8011,1.1687,0.3913,1.5359,-0.0619
-0.1946,-1.1204,-0.8011,1.1663,0.3919,1.5348,-0.0615
-0.1961,-1.1186,-0.8011,1.1638,0.3924,1.5337,-0.0611
-0.1975,-1.1169,-0.8011,1.1614,0.3929,1.5326,-0.0607
-0.1989,-1.1151,-0.8011,1.1590,0.3935,1.5315,-0.0604
-0.2003,-1.1134,-0.8011,1.1566,0.3940,1.5305,-0.0600
-0.2016,-1.1117,-0.8010,1.1542,0.3945,1.5294,-0.0596
-0.2030,-1.1100,-0.8010,1.1519,0.3950,1.5284,-0.0592
-0.2044,-1.1083,-0.8010,1.1495,0.3955,1.5274,-0.0588
-0.2057,-1.1066,-0.8010,1.1472,0.3960,1.5264,-0.0584
-0.2070,-1.1050,-0.8010,1.1449,0.3965,1.5254,-0.0580
-0.2084,-1.1033,-0.8010,1.1426,0.3970,1.5244,-0.0576
-0.2097,-1.1017,-0.8010,1.1404,0.3975,1.5234,-0.0572
-0.2110,-1.1001,-0.8010,1.1381,0.3980,1.5224,-0.0568
-0.2122,-1.0985,-0.8009,1.1359,0.3985,1.5215,-0.0564
-0.2135,-1.0969,-0.8009,1.1337,0.3990,1.5206,-0.0560
-0.2148,-1.0954,-0.8009,1.1315,0.3994,1.5196,-0.0556
-0.2160,-1.0938,-0.8009,1.1293,0.3999,1.5187,-0.0552
-0.2173,-1.0923,-0.8009,1.1271,0.4004,1.5178,-0.0548
-0.2185,-1.0908,-0.8008,1.1250,0.4008,1.5169,-0.0544
-0.2197,-1.0892,-0.8008,1.1228,0.4013,1.5160,-0.0540
-0.2209,-1.0878,-0.8008,1.1207,0.4017,1.5152,-0.0536
-0.2221,-1.0863,-0.8008,1.1186,0.4022,1.5143,-0.0532
-0.2233,-1.0848,-0.8008,1.1165,0.4026,1.5135,-0.0528
-0.2245,-1.0834,-0.8007,1.1145,0.4030,1.5126,-0.0524
-0.2256,-1.0819,-0.8007,1.1124,0.4035,1.5118,-0.0520
-0.2268,-1.0805,-0.8007,1.1104,0.4039,1.5110,-0.0516
-0.2279,-1.0791,-0.8007,1.1083,0.4043,1.5102,-0.0512
-0.2291,-1.0777,-0.8007,1.1063,0.4047,1.5094,-0.0508
-0.2302,-1.0763,-0.8006,1.1043,0.4051,1.5086,-0.0504
-0.2313,-1.0749,-0.8006,1.1024,0.4056,1.5078,-0.0500
-0.2324,-1.0735,-0.8006,1.1004,0.4060,1.5070,-0.0496
-0.2335,-1.0722,-0.8006,1.0985,0.4064,1.5063,-0.0492
-0.2346,-1.0709,-0.8005,1.0965,0.4068,1.5055,-0.0488
-0.2356,-1.0695,-0.8005,1.0946,0.4072,1.5048,-0.0484
-0.2367,-1.0682,-0.8005,1.0927,0.4075,1.5041,-0.0480
-0.2378,-1.0669,-0.8005,1.0908,0.4079,1.5033,-0.0476
-0.2388,-1.0656,-0.8004,1.0889,0.4083,1.5026,-0.0472
-0.2399,-1.0644,-0.8004,1.0871,0.4087,1.5019,-0.0468
-0.2409,-1.0631,-0.8004,1.0852,0.4091,1.5012,-0.0464
-0.2419,-1.0618,-0.8004,1.0834,0.4094,1.5005,-0.0460
-0.2429,-1.0606,-0.8003,1.0816,0.4098,1.4999,-0.0457
-0.2439,-1.0594,-0.8003,1.0798,0.4102,1.4992,-0.0453
-0.2449,-1.0581,-0.8003,1.0780,0.4105,1.4985,-0.0449
-0.2459,-1.0569,-0.8002,1.0762,0.4109,1.4979,-0.0445
-0.2469,-1.0557,-0.8002,1.0744,0.4112,1.4972,-0.0441
-0.2478,-1.0545,-0.8002,1.0727,0.4116,1.4966,-0.0437
-0.2488,-1.0534,-0.8002,1.0710,0.4119,1.4960,-0.0433
-0.2497,-1.0522,-0.8001,1.0692,0.4123,1.4954,-0.0430
-0.2507,-1.0510,-0.8001,1.0675,0.4126,1.4947,-0.0426
-0.2516,-1.0499,-0.8001,1.0658,0.4129,1.4941,-0.0422
-0.2525,-1.0488,-0.8001,1.0642,0.4133,1.4935,-0.0418
-0.2534,-1.0476,-0.8000,1.0625,0.4136,1.4929,-0.0414
-0.2544,-1.0465,-0.8000,1.0608,0.4139,1.4924,-0.0411
-0.2553,-1.0454,-0.8000,1.0592,0.4142,1.4918,-0.0407
-0.2561,-1.0443,-0.7999,1.0576,0.4146,1.4912,-0.0403
-0.2570,-1.0433,-0.7999,1.0559,0.4149,1.4907,-0.0399
-0.2579,-1.0422,-0.7999,1.0543,0.4152,1.4901,-0.0396
-0.2588,-1.0411,-0.7999,1.0528,0.4155,1.4896,-0.0392
-0.2596,-1.0401,-0.7998,1.0512,0.4158,1.4890,-0.0388
-0.2605,-1.0390,-0.7998,1.0496,0.4161,1.4885,-0.0385
-0.2613,-1.0380,-0.7998,1.0481,0.4164,1.4879,-0.0381
-0.2622,-1.0370,-0.7997,1.0465,0.4167,1.4874,-0.0377
-0.2630,-1.0359,-0.7997,1.0450,0.4170,1.4869,-0.0374
-0.2638,-1.0349,-0.7997,1.0435,0.4173,1.4864,-0.0370
-0.2646,-1.0339,-0.7997,1.0420,0.4176,1.4859,-0.0367
-0.2654,-1.0330,-0.7996,1.0405,0.4178,1.4854,-0.0363
-0.2662,-1.0320,-0.7996,1.0390,0.4181,1.4849,-0.0360
-0.2670,-1.0310,-0.7996,1.0375,0.4184,1.4844,-0.0356
-0.2678,-1.0300,-0.7995,1.0361,0.4187,1.4840,-0.0353
-0.2686,-1.0291,-0.7995,1.0346,0.4189,1.4835,-0.0349
-0.2694,-1.0282,-0.7995,1.0332,0.4192,1.4830,-0.0346
-0.2701,-1.0272,-0.7995,1.0318,0.4195,1.4826,-0.0342
-0.2709,-1.0263,-0.7994,1.0304,0.4197,1.4821,-0.0339
-0.2716,-1.0254,-0.7994,1.0290,0.4200,1.4817,-0.0335
-0.2724,-1.0245,-0.7994,1.0276,0.4203,1.4812,-0.0332
-0.2731,-1.0236,-0.7993,1.0262,0.4205,1.4808,-0.0329
-0.2739,-1.0227,-0.7993,1.0249,0.4208,1.4803,-0.0325
-0.2746,-1.0218,-0.7993,1.0235,0.4210,1.4799,-0.0322
-0.2753,-1.0209,-0.7993,1.0222,0.4213,1.4795,-0.0319
-0.2760,-1.0200,-0.7992,1.0208,0.4215,1.4791,-0.0315
-0.2767,-1.0192,-0.7992,1.0195,0.4218,1.4787,-0.0312
-0.2774,-1.0183,-0.7992,1.0182,0.4220,1.4783,-0.0309
-0.2781,-1.0175,-0.7992,1.0169,0.4222,1.4779,-0.0306
-0.2788,-1.0167,-0.7991,1.0156,0.4225,1.4775,-0.0302
-0.2795,-1.0158,-0.7991,1.0144,0.4227,1.4771,-0.0299
-0.2802,-1.0150,-0.7991,1.0131,0.4229,1.4767,-0.0296
-0.2808,-1.0142,-0.7990,1.0118,0.4232,1.4763,-0.0293
-0.2815,-1.0134,-0.7990,1.0106,0.4234,1.4759,-0.0290
-0.2821,-1.0126,-0.7990,1.0094,0.4236,1.4756,-0.0287
-0.2828,-1.0118,-0.7990,1.0081,0.4238,1.4752,-0.0283
-0.2834,-1.0110,-0.7989,1.0069,0.4241,1.4748,-0.0280
-0.2841,-1.0102,-0.7989,1.0057,0.4243,1.4745,-0.0277
-0.2847,-1.0095,-0.7989,1.0045,0.4245,1.4741,-0.0274
-0.2853,-1.0087,-0.7989,1.0033,0.4247,1.4738,-0.0271
-0.2860,-1.0080,-0.7988,1.0022,0.4249,1.4734,-0.0268
-0.2866,-1.0072,-0.7988,1.0010,0.4251,1.4731,-0.0265
-0.2872,-1.0065,-0.7988,0.9999,0.4253,1.4727,-0.0262
-0.2878,-1.0057,-0.7988,0.9987,0.4255,1.4724,-0.0259
-0.2884,-1.0050,-0.7987,0.9976,0.4257,1.4721,-0.0256
-0.2890,-1.0043,-0.7987,0.9965,0.4259,1.4717,-0.0253
-0.2896,-1.0036,-0.7987,0.9953,0.4261,1.4714,-0.0250
-0.2901,-1.0029,-0.7987,0.9942,0.4263,1.4711,-0.0248
-0.2907,-1.0022,-0.7986,0.9931,0.4265,1.4708,-0.0245
-0.2913,-1.0015,-0.7986,0.9921,0.4267,1.4705,-0.0242
-0.2919,-1.0008,-0.7986,0.9910,0.4269,1.4702,-0.0239
-0.2924,-1.0001,-0.7986,0.9899,0.4271,1.4699,-0.0236
-0.2930,-0.9994,-0.7985,0.9888,0.4273,1.4696,-0.0234
-0.2935,-0.9988,-0.7985,0.9878,0.4275,1.4693,-0.0231
-0.2941,-0.9981,-0.7985,0.9868,0.4276,1.4690,-0.0228
-0.2946,-0.9974,-0.7985,0.9857,0.4278,1.4687,-0.0225
-0.2952,-0.9968,-0.7984,0.9847,0.4280,1.4684,-0.0223
-0.2957,-0.9961,-0.7984,0.9837,0.4282,1.4681,-0.0220
-0.2962,-0.9955,-0.7984,0.9827,0.4283,1.4679,-0.0217
-0.2967,-0.9949,-0.7984,0.9817,0.4285,1.4676,-0.0215
-0.2972,-0.9943,-0.7983,0.9807,0.4287,1.4673,-0.0212
-0.2978,-0.9936,-0.7983,0.9797,0.4289,1.4671,-0.0209
-0.2983,-0.9930,-0.7983,0.9787,0.4290,1.4668,-0.0207
-0.2988,-0.9924,-0.7983,0.9778,0.4292,1.4665,-0.0204
-0.2993,-0.9918,-0.7982,0.9768,0.4294,1.4663,-0.0202
-0.2998,-0.9912,-0.7982,0.9759,0.4295,1.4660,-0.0199
-0.3003,-0.9906,-0.7982,0.9749,0.4297,1.4658,-0.0197
-0.3007,-0.9900,-0.7982,0.9740,0.4298,1.4655,-0.0194
-0.3012,-0.9895,-0.7982,0.9731,0.4300,1.4653,-0.0192
-0.3017,-0.9889,-0.7981,0.9722,0.4302,1.4650,-0.0189
-0.3022,-0.9883,-0.7981,0.9713,0.4303,1.4648,-0.0187
-0.3026,-0.9877,-0.7981,0.9704,0.4305,1.4646,-0.0184
-0.3031,-0.9872,-0.7981,0.9695,0.4306,1.4643,-0.0182
-0.3036,-0.9866,-0.7980,0.9686,0.4308,1.4641,-0.0179
-0.3040,-0.9861,-0.7980,0.9677,0.4309,1.4639,-0.0177
-0.3045,-0.9855,-0.7980,0.9668,0.4311,1.4636,-0.0175
-0.3049,-0.9850,-0.7980,0.9660,0.4312,1.4634,-0.0172
-0.3053,-0.9845,-0.7980,0.9651,0.4313,1.4632,-0.0170
-0.3058,-0.9839,-0.7979,0.9643,0.4315,1.4630,-0.0168
-0.3062,-0.9834,-0.7979,0.9635,0.4316,1.4628,-0.0166
-0.3066,-0.9829,-0.7979,0.9626,0.4318,1.4626,-0.0163
-0.3071,-0.9824,-0.7979,0.9618,0.4319,1.4623,-0.0161
-0.3075,-0.9819,-0.7979,0.9610,0.4320,1.4621,-0.0159
-0.3079,-0.9814,-0.7978,0.9602,0.4322,1.4619,-0.0157
-0.3083,-0.9809,-0.7978,0.9594,0.4323,1.4617,-0.0154
-0.3087,-0.9804,-0.7978,0.9586,0.4324,1.4615,-0.0152
-0.3091,-0.9799,-0.7978,0.9578,0.4326,1.4613,-0.0150
-0.3095,-0.9794,-0.7978,0.9570,0.4327,1.4611,-0.0148
-0.3099,-0.9789,-0.7977,0.9562,0.4328,1.4609,-0.0146
-0.3103,-0.9784,-0.7977,0.9555,0.4330,1.4608,-0.0144
-0.3107,-0.9780,-0.7977,0.9547,0.4331,1.4606,-0.0142
-0.3111,-0.9775,-0.7977,0.9540,0.4332,1.4604,-0.0139
-0.3115,-0.9770,-0.7977,0.9532,0.4333,1.4602,-0.0137
-0.3119,-0.9766,-0.7976,0.9525,0.4334,1.4600,-0.0135
-0.3122,-0.9761,-0.7976,0.9517,0.4336,1.4598,-0.0133
-0.3126,-0.9757,-0.7976,0.9510,0.4337,1.4597,-0.0131
-0.3130,-0.9752,-0.7976,0.9503,0.4338,1.4595,-0.0129
-0.3134,-0.9748,-0.7976,0.9496,0.4339,1.4593,-0.0127
-0.3137,-0.9744,-0.7975,0.9489,0.4340,1.4591,-0.0125
-0.3141,-0.9739,-0.7975,0.9482,0.4342,1.4590,-0.0123
-0.3144,-0.9735,-0.7975,0.9475,0.4343,1.4588,-0.0121
-0.3148,-0.9731,-0.7975,0.9468,0.4344,1.4586,-0.0120
-0.3151,-0.9727,-0.7975,0.9461,0.4345,1.4585,-0.0118
-0.3155,-0.9722,-0.7975,0.9454,0.4346,1.4583,-0.0116
-0.3158,-0.9718,-0.7974,0.9448,0.4347,1.4582,-0.0114
-0.3162,-0.9714,-0.7974,0.9441,0.4348,1.4580,-0.0112
-0.3165,-0.9710,-0.7974,0.9435,0.4349,1.4578,-0.0110
-0.3168,-0.9706,-0.7974,0.9428,0.4350,1.4577,-0.0108
-0.3172,-0.9702,-0.7974,0.9422,0.4351,1.4575,-0.0107
-0.3175,-0.9698,-0.7973,0.9415,0.4352,1.4574,-0.0105
-0.3178,-0.9694,-0.7973,0.9409,0.4353,1.4572,-0.0103
-0.3181,-0.9690,-0.7973,0.9403,0.4354,1.4571,-0.0101
-0.3185,-0.9687,-0.7973,0.9396,0.4355,1.4570,-0.0099
-0.3188,-0.9683,-0.7973,0.9390,0.4356,1.4568,-0.0098
-0.3191,-0.9679,-0.7973,0.9384,0.4357,1.4567,-0.0096
-0.3194,-0.9675,-0.7973,0.9378,0.4358,1.4565,-0.0094
-0.3197,-0.9672,-0.7972,0.9372,0.4359,1.4564,-0.0093
-0.3200,-0.9668,-0.7972,0.9366,0.4360,1.4563,-0.0091
-0.3203,-0.9664,-0.7972,0.9360,0.4361,1.4561,-0.0089
-0.3206,-0.9661,-0.7972,0.9354,0.4362,1.4560,-0.0088
-0.3209,-0.9657,-0.7972,0.9349,0.4363,1.4559,-0.0086
-0.3212,-0.9654,-0.7972,0.9343,0.4364,1.4557,-0.0084
-0.3215,-0.9650,-0.7971,0.9337,0.4365,1.4556,-0.0083
-0.3218,-0.9647,-0.7971,0.9332,0.4366,1.4555,-0.0081
-0.3220,-0.9644,-0.7971,0.9326,0.4367,1.4553,-0.0080
-0.3223,-0.9640,-0.7971,0.9320,0.4367,1.4552,-0.0078
-0.3226,-0.9637,-0.7971,0.9315,0.4368,1.4551,-0.0076
-0.3229,-0.9633,-0.7971,0.9310,0.4369,1.4550,-0.0075
-0.3232,-0.9630,-0.7971,0.9304,0.4370,1.4549,-0.0073
-0.3234,-0.9627,-0.7970,0.9299,0.4371,1.4547,-0.0072
-0.3237,-0.9624,-0.7970,0.9294,0.4372,1.4546,-0.0070
-0.3240,-0.9621,-0.7970,0.9288,0.4373,1.4545,-0.0069
-0.3242,-0.9617,-0.7970,0.9283,0.4373,1.4544,-0.0067
-0.3245,-0.9614,-0.7970,0.9278,0.4374,1.4543,-0.0066
-0.3247,-0.9611,-0.7970,0.9273,0.4375,1.4542,-0.0064
-0.3250,-0.9608,-0.7970,0.9268,0.4376,1.4541,-0.0063
-0.3252,-0.9605,-0.7969,0.9263,0.4377,1.4539,-0.0062
-0.3255,-0.9602,-0.7969,0.9258,0.4377,1.4538,-0.0060
-0.3257,-0.9599,-0.7969,0.9253,0.4378,1.4537,-0.0059
-0.3260,-0.9596,-0.7969,0.9248,0.4379,1.4536,-0.0057
-0.3262,-0.9593,-0.7969,0.9243,0.4380,1.4535,-0.0056
-0.3265,-0.9590,-0.7969,0.9239,0.4380,1.4534,-0.0055
-0.3267,-0.9587,-0.7969,0.9234,0.4381,1.4533,-0.0053
-0.3269,-0.9585,-0.7968,0.9229,0.4382,1.4532,-0.0052
-0.3272,-0.9582,-0.7968,0.9225,0.4383,1.4531,-0.0051
-0.3274,-0.9579,-0.7968,0.9220,0.4383,1.4530,-0.0049
-0.3276,-0.9576,-0.7968,0.9215,0.4384,1.4529,-0.0048
-0.3279,-0.9574,-0.7968,0.9211,0.4385,1.4528,-0.0047
-0.3281,-0.9571,-0.7968,0.9207,0.4385,1.4527,-0.0045
-0.3283,-0.9568,-0.7968,0.9202,0.4386,1.4526,-0.0044
-0.3285,-0.9566,-0.7968,0.9198,0.4387,1.4525,-0.0043
-0.3288,-0.9563,-0.7967,0.9193,0.4387,1.4524,-0.0042
-0.3290,-0.9560,-0.7967,0.9189,0.4388,1.4524,-0.0040
-0.3292,-0.9558,-0.7967,0.9185,0.4389,1.4523,-0.0039
-0.3294,-0.9555,-0.7967,0.9181,0.4389,1.4522,-0.0038
-0.3296,-0.9553,-0.7967,0.9176,0.4390,1.4521,-0.0037
-0.3298,-0.9550,-0.7967,0.9172,0.4391,1.4520,-0.0036
-0.3300,-0.9548,-0.7967,0.9168,0.4391,1.4519,-0.0034
-0.3302,-0.9545,-0.7967,0.9164,0.4392,1.4518,-0.0033
-0.3304,-0.9543,-0.7967,0.9160,0.4393,1.4517,-0.0032
-0.3306,-0.9540,-0.7966,0.9156,0.4393,1.4517,-0.0031
-0.3308,-0.9538,-0.7966,0.9152,0.4394,1.4516,-0.0030
-0.3310,-0.9536,-0.7966,0.9148,0.4394,1.4515,-0.0029
-0.3312,-0.9533,-0.7966,0.9144,0.4395,1.4514,-0.0028
-0.3314,-0.9531,-0.7966,0.9141,0.4396,1.4513,-0.0026
-0.3316,-0.9529,-0.7966,0.9137,0.4396,1.4513,-0.0025
-0.3318,-0.9527,-0.7966,0.9133,0.4397,1.4512,-0.0024
-0.3320,-0.9524,-0.7966,0.9129,0.4397,1.4511,-0.0023
-0.3322,-0.9522,-0.7966,0.9126,0.4398,1.4510,-0.0022
-0.3324,-0.9520,-0.7965,0.9122,0.4398,1.4510,-0.0021
-0.3325,-0.9518,-0.7965,0.9118,0.4399,1.4509,-0.0020
-0.3327,-0.9516,-0.7965,0.9115,0.4400,1.4508,-0.0019
-0.3329,-0.9513,-0.7965,0.9111,0.4400,1.4507,-0.0018
-0.3331,-0.9511,-0.7965,0.9108,0.4401,1.4507,-0.0017
-0.3333,-0.9509,-0.7965,0.9104,0.4401,1.4506,-0.0016
-0.3334,-0.9507,-0.7965,0.9101,0.4402,1.4505,-0.0015
-0.3336,-0.9505,-0.7965,0.9097,0.4402,1.4504,-0.0014
-0.3338,-0.9503,-0.7965,0.9094,0.4403,1.4504,-0.0013
-0.3339,-0.9501,-0.7965,0.9091,0.4403,1.4503,-0.0012
-0.3341,-0.9499,-0.7964,0.9087,0.4404,1.4502,-0.0011
-0.3343,-0.9497,-0.7964,0.9084,0.4404,1.4502,-0.0010
-0.3344,-0.9495,-0.7964,0.9081,0.4405,1.4501,-0.0009
-0.3346,-0.9493,-0.7964,0.9077,0.4405,1.4500,-0.0008
-0.3348,-0.9491,-0.7964,0.9074,0.4406,1.4500,-0.0007
-0.3349,-0.9489,-0.7964,0.9071,0.4406,1.4499,-0.0006
-0.3351,-0.9487,-0.7964,0.9068,0.4407,1.4499,-0.0005
-0.3352,-0.9486,-0.7964,0.9065,0.4407,1.4498,-0.0004
-0.3354,-0.9484,-0.7964,0.9062,0.4408,1.4497,-0.0003
-0.3355,-0.9482,-0.7964,0.9059,0.4408,1.4497,-0.0003
-0.3357,-0.9480,-0.7964,0.9056,0.4408,1.4496,-0.0002
-0.3358,-0.9478,-0.7964,0.9053,0.4409,1.4496,-0.0001
-0.3360,-0.9476,-0.7963,0.9050,0.4409,1.4495,0.0000
-0.3361,-0.9475,-0.7963,0.9047,0.4410,1.4494,0.0001
-0.3363,-0.9473,-0.7963,0.9044,0.4410,1.4494,0.0002
-0.3364,-0.9471,-0.7963,0.9041,0.4411,1.4493,0.0003
-0.3366,-0.9470,-0.7963,0.9038,0.4411,1.4493,0.0003
-0.3367,-0.9468,-0.7963,0.9035,0.4412,1.4492,0.0004
-0.3368,-0.9466,-0.7963,0.9032,0.4412,1.4492,0.0005
-0.3370,-0.9465,-0.7963,0.9030,0.4412,1.4491,0.0006
-0.3371,-0.9463,-0.7963,0.9027,0.4413,1.4490,0.0007
-0.3373,-0.9461,-0.7963,0.9024,0.4413,1.4490,0.0007
-0.3374,-0.9460,-0.7963,0.9022,0.4414,1.4489,0.0008
-0.3375,-0.9458,-0.7963,0.9019,0.4414,1.4489,0.0009
-0.3377,-0.9456,-0.7962,0.9016,0.4414,1.4488,0.0010
-0.3378,-0.9455,-0.7962,0.9014,0.4415,1.4488,0.0011
-0.3379,-0.9453,-0.7962,0.9011,0.4415,1.4487,0.0011
-0.3380,-0.9452,-0.7962,0.9008,0.4416,1.4487,0.0012
-0.3382,-0.9450,-0.7962,0.9006,0.4416,1.4486,0.0013
-0.3383,-0.9449,-0.7962,0.9003,0.4416,1.4486,0.0014
-0.3384,-0.9447,-0.7962,0.9001,0.4417,1.4485,0.0014
-0.3385,-0.9446,-0.7962,0.8998,0.4417,1.4485,0.0015
-0.3387,-0.9444,-0.7962,0.8996,0.4417,1.4484,0.0016
-0.3388,-0.9443,-0.7962,0.8994,0.4418,1.4484,0.0016
-0.3389,-0.9442,-0.7962,0.8991,0.4418,1.4484,0.0017
-0.3390,-0.9440,-0.7962,0.8989,0.4419,1.4483,0.0018
-0.3391,-0.9439,-0.7962,0.8986,0.4419,1.4483,0.0019
-0.3393,-0.9437,-0.7962,0.8984,0.4419,1.4482,0.0019
-0.3394,-0.9436,-0.7961,0.8982,0.4420,1.4482,0.0020
-0.3395,-0.9435,-0.7961,0.8979,0.4420,1.4481,0.0021
-0.3396,-0.9433,-0.7961,0.8977,0.4420,1.4481,0.0021
-0.3397,-0.9432,-0.7961,0.8975,0.4421,1.4480,0.0022
-0.3398,-0.9431,-0.7961,0.8973,0.4421,1.4480,0.0023
-0.3399,-0.9429,-0.7961,0.8971,0.4421,1.4480,0.0023
-0.3400,-0.9428,-0.7961,0.8968,0.4422,1.4479,0.0024
-0.3402,-0.9427,-0.7961,0.8966,0.4422,1.4479,0.0025
-0.3403,-0.9425,-0.7961,0.8964,0.4422,1.4478,0.0025
-0.3404,-0.9424,-0.7961,0.8962,0.4423,1.4478,0.0026
-0.3405,-0.9423,-0.7961,0.8960,0.4423,1.4478,0.0026
-0.3406,-0.9422,-0.7961,0.8958,0.4423,1.4477,0.0027
-0.3407,-0.9420,-0.7961,0.8956,0.4423,1.4477,0.0028
-0.3408,-0.9419,-0.7961,0.8954,0.4424,1.4476,0.0028
-0.3409,-0.9418,-0.7961,0.8952,0.4424,1.4476,0.0029
-0.3410,-0.9417,-0.7961,0.8950,0.4424,1.4476,0.0029
-0.3411,-0.9416,-0.7960,0.8948,0.4425,1.4475,0.0030
-0.3412,-0.9415,-0.7960,0.8946,0.4425,1.4475,0.0031
-0.3413,-0.9413,-0.7960,0.8944,0.4425,1.4475,0.0031
-0.3414,-0.9412,-0.7960,0.8942,0.4426,1.4474,0.0032
-0.3415,-0.9411,-0.7960,0.8940,0.4426,1.4474,0.0032
-0.3416,-0.9410,-0.7960,0.8938,0.4426,1.4473,0.0033
-0.3416,-0.9409,-0.7960,0.8936,0.4426,1.4473,0.0033
-0.3417,-0.9408,-0.7960,0.8934,0.4427,1.4473,0.0034
-0.3418,-0.9407,-0.7960,0.8933,0.4427,1.4472,0.0034
-0.3419,-0.9406,-0.7960,0.8931,0.4427,1.4472,0.0035
-0.3420,-0.9405,-0.7960,0.8929,0.4427,1.4472,0.0036
-0.3421,-0.9404,-0.7960,0.8927,0.4428,1.4471,0.0036
-0.3422,-0.9402,-0.7960,0.8925,0.4428,1.4471,0.0037
-0.3423,-0.9401,-0.7960,0.8924,0.4428,1.4471,0.0037
-0.3424,-0.9400,-0.7960,0.8922,0.4428,1.4470,0.0038
-0.3424,-0.9399,-0.7960,0.8920,0.4429,1.4470,0.0038
-0.3425,-0.9398,-0.7960,0.8919,0.4429,1.4470,0.0039
-0.3426,-0.9397,-0.7960,0.8917,0.4429,1.4470,0.0039
-0.3427,-0.9396,-0.7960,0.8915,0.4429,1.4469,0.0040
-0.3428,-0.9395,-0.7959,0.8914,0.4430,1.4469,0.0040
-0.3429,-0.9394,-0.7959,0.8912,0.4430,1.4469,0.0041
-0.3429,-0.9394,-0.7959,0.8910,0.4430,1.4468,0.0041
-0.3430,-0.9393,-0.7959,0.8909,0.4430,1.4468,0.0041
-0.3431,-0.9392,-0.7959,0.8907,0.4431,1.4468,0.0042
-0.3432,-0.9391,-0.7959,0.8906,0.4431,1.4467,0.0042
-0.3432,-0.9390,-0.7959,0.8904,0.4431,1.4467,0.0043
-0.3433,-0.9389,-0.7959,0.8903,0.4431,1.4467,0.0043
-0.3434,-0.9388,-0.7959,0.8901,0.4432,1.4467,0.0044
-0.3435,-0.9387,-0.7959,0.8900,0.4432,1.4466,0.0044
-0.3435,-0.9386,-0.7959,0.8898,0.4432,1.4466,0.0045
-0.3436,-0.9385,-0.7959,0.8897,0.4432,1.4466,0.0045
-0.3437,-0.9385,-0.7959,0.8895,0.4432,1.4466,0.0046
-0.3438,-0.9384,-0.7959,0.8894,0.4433,1.4465,0.0046
-0.3438,-0.9383,-0.7959,0.8892,0.4433,1.4465,0.0046
-0.3439,-0.9382,-0.7959,0.8891,0.4433,1.4465,0.0047
-0.3440,-0.9381,-0.7959,0.8889,0.4433,1.4464,0.0047
-0.3440,-0.9380,-0.7959,0.8888,0.4433,1.4464,0.0048
-0.3441,-0.9379,-0.7959,0.8887,0.4434,1.4464,0.0048
-0.3442,-0.9379,-0.7959,0.8885,0.4434,1.4464,0.0048
-0.3442,-0.9378,-0.7959,0.8884,0.4434,1.4463,0.0049
-0.3443,-0.9377,-0.7959,0.8883,0.4434,1.4463,0.0049
-0.3444,-0.9376,-0.7959,0.8881,0.4434,1.4463,0.0050
-0.3444,-0.9376,-0.7958,0.8880,0.4435,1.4463,0.0050
-0.3445,-0.9375,-0.7958,0.8879,0.4435,1.4463,0.0050
-0.3446,-0.9374,-0.7958,0.8877,0.4435,1.4462,0.0051
-0.3446,-0.9373,-0.7958,0.8876,0.4435,1.4462,0.0051
-0.3447,-0.9373,-0.7958,0.8875,0.4435,1.4462,0.0052
-0.3448,-0.9372,-0.7958,0.8874,0.4436,1.4462,0.0052
-0.3448,-0.9371,-0.7958,0.8872,0.4436,1.4461,0.0052
-0.3449,-0.9370,-0.7958,0.8871,0.4436,1.4461,0.0053
-0.3449,-0.9370,-0.7958,0.8870,0.4436,1.4461,0.0053
-0.3450,-0.9369,-0.7958,0.8869,0.4436,1.4461,0.0053
-0.3451,-0.9368,-0.7958,0.8868,0.4436,1.4461,0.0054
-0.3451,-0.9368,-0.7958,0.8866,0.4437,1.4460,0.0054
-0.3452,-0.9367,-0.7958,0.8865,0.4437,1.4460,0.0054
-0.3452,-0.9366,-0.7958,0.8864,0.4437,1.4460,0.0055
-0.3453,-0.9365,-0.7958,0.8863,0.4437,1.4460,0.0055
-0.3453,-0.9365,-0.7958,0.8862,0.4437,1.4459,0.0055
-0.3454,-0.9364,-0.7958,0.8861,0.4437,1.4459,0.0056
-0.3455,-0.9363,-0.7958,0.8860,0.4438,1.4459,0.0056
-0.3455,-0.9363,-0.7958,0.8859,0.4438,1.4459,0.0056
-0.3456,-0.9362,-0.7958,0.8857,0.4438,1.4459,0.0057
-0.3456,-0.9362,-0.7958,0.8856,0.4438,1.4459,0.0057
-0.3457,-0.9361,-0.7958,0.8855,0.4438,1.4458,0.0057
-0.3457,-0.9360,-0.7958,0.8854,0.4438,1.4458,0.0058
-0.3458,-0.9360,-0.7958,0.8853,0.4439,1.4458,0.0058
-0.3458,-0.9359,-0.7958,0.8852,0.4439,1.4458,0.0058
-0.3459,-0.9358,-0.7958,0.8851,0.4439,1.4458,0.0059
-0.3459,-0.9358,-0.7958,0.8850,0.4439,1.4457,0.0059
-0.3460,-0.9357,-0.7958,0.8849,0.4439,1.4457,0.0059
-0.3460,-0.9357,-0.7958,0.8848,0.4439,1.4457,0.0060
-0.3461,-0.9356,-0.7958,0.8847,0.4439,1.4457,0.0060
-0.3461,-0.9356,-0.7957,0.8846,0.4440,1.4457,0.0060
-0.3462,-0.9355,-0.7957,0.8845,0.4440,1.4457,0.0060
-0.3462,-0.9354,-0.7957,0.8844,0.4440,1.4456,0.0061
-0.3463,-0.9354,-0.7957,0.8843,0.4440,1.4456,0.0061
-0.3463,-0.9353,-0.7957,0.8842,0.4440,1.4456,0.0061
-0.3464,-0.9353,-0.7957,0.8841,0.4440,1.4456,0.0062
-0.3464,-0.9352,-0.7957,0.8841,0.4440,1.4456,0.0062
-0.3464,-0.9352,-0.7957,0.8840,0.4440,1.4456,0.0062
-0.3465,-0.9351,-0.7957,0.8839,0.4441,1.4455,0.0062
-0.3465,-0.9351,-0.7957,0.8838,0.4441,1.4455,0.0063
-0.3466,-0.9350,-0.7957,0.8837,0.4441,1.4455,0.0063
-0.3466,-0.9350,-0.7957,0.8836,0.4441,1.4455,0.0063
-0.3467,-0.9349,-0.7957,0.8835,0.4441,1.4455,0.0063
-0.3467,-0.9349,-0.7957,0.8834,0.4441,1.4455,0.0064
-0.3467,-0.9348,-0.7957,0.8834,0.4441,1.4454,0.0064
-0.3468,-0.9348,-0.7957,0.8833,0.4442,1.4454,0.0064
-0.3468,-0.9347,-0.7957,0.8832,0.4442,1.4454,0.0064
-0.3469,-0.9347,-0.7957,0.8831,0.4442,1.4454,0.0065
-0.3469,-0.9346,-0.7957,0.8830,0.4442,1.4454,0.0065
-0.3469,-0.9346,-0.7957,0.8829,0.4442,1.4454,0.0065
-0.3470,-0.9345,-0.7957,0.8829,0.4442,1.4454,0.0065
-0.3470,-0.9345,-0.7957,0.8828,0.4442,1.4453,0.0066
-0.3471,-0.9344,-0.7957,0.8827,0.4442,1.4453,0.0066
-0.3471,-0.9344,-0.7957,0.8826,0.4442,1.4453,0.0066
-0.3471,-0.9343,-0.7957,0.8825,0.4443,1.4453,0.0066
-0.3472,-0.9343,-0.7957,0.8825,0.4443,1.4453,0.0067
-0.3472,-0.9342,-0.7957,0.8824,0.4443,1.4453,0.0067
-0.3473,-0.9342,-0.7957,0.8823,0.4443,1.4453,0.0067
-0.3473,-0.9342,-0.7957,0.8823,0.4443,1.4453,0.0067
-0.3473,-0.9341,-0.7957,0.8822,0.4443,1.4452,0.0067
-0.3474,-0.9341,-0.7957,0.8821,0.4443,1.4452,0.0068
-0.3474,-0.9340,-0.7957,0.8820,0.4443,1.4452,0.0068
-0.3474,-0.9340,-0.7957,0.8820,0.4443,1.4452,0.0068
-0.3475,-0.9339,-0.7957,0.8819,0.4443,1.4452,0.0068
-0.3475,-0.9339,-0.7957,0.8818,0.4444,1.4452,0.0068
-0.3475,-0.9339,-0.7957,0.8818,0.4444,1.4452,0.0069
-0.3476,-0.9338,-0.7957,0.8817,0.4444,1.4452,0.0069
-0.3476,-0.9338,-0.7957,0.8816,0.4444,1.4451,0.0069
-0.3476,-0.9337,-0.7957,0.8816,0.4444,1.4451,0.0069
-0.3477,-0.9337,-0.7957,0.8815,0.4444,1.4451,0.0069
-0.3477,-0.9337,-0.7957,0.8814,0.4444,1.4451,0.0070
-0.3477,-0.9336,-0.7957,0.8814,0.4444,1.4451,0.0070
-0.3478,-0.9336,-0.7956,0.8813,0.4444,1.4451,0.0070
-0.3478,-0.9336,-0.7956,0.8812,0.4444,1.4451,0.0070
-0.3478,-0.9335,-0.7956,0.8812,0.4445,1.4451,0.0070
-0.3479,-0.9335,-0.7956,0.8811,0.4445,1.4450,0.0071
-0.3479,-0.9334,-0.7956,0.8810,0.4445,1.4450,0.0071
-0.3479,-0.9334,-0.7956,0.8810,0.4445,1.4450,0.0071
-0.3479,-0.9334,-0.7956,0.8809,0.4445,1.4450,0.0071
-0.3480,-0.9333,-0.7956,0.8809,0.4445,1.4450,0.0071
-0.3480,-0.9333,-0.7956,0.8808,0.4445,1.4450,0.0072
-0.3480,-0.9333,-0.7956,0.8807,0.4445,1.4450,0.0072
-0.3481,-0.9332,-0.7956,0.8807,0.4445,1.4450,0.0072
-0.3481,-0.9332,-0.7956,0.8806,0.4445,1.4450,0.0072
-0.3481,-0.9332,-0.7956,0.8806,0.4445,1.4450,0.0072
-0.3482,-0.9331,-0.7956,0.8805,0.4445,1.4449,0.0072
-0.3482,-0.9331,-0.7956,0.8805,0.4446,1.4449,0.0073
-0.3482,-0.9331,-0.7956,0.8804,0.4446,1.4449,0.0073
-0.3482,-0.9330,-0.7956,0.8803,0.4446,1.4449,0.0073
-0.3483,-0.9330,-0.7956,0.8803,0.4446,1.4449,0.0073
-0.3483,-0.9330,-0.7956,0.8802,0.4446,1.4449,0.0073
-0.3483,-0.9329,-0.7956,0.8802,0.4446,1.4449,0.0073
-0.3483,-0.9329,-0.7956,0.8801,0.4446,1.4449,0.0073
-0.3484,-0.9329,-0.7956,0.8801,0.4446,1.4449,0.0074
-0.3484,-0.9329,-0.7956,0.8800,0.4446,1.4449,0.0074
-0.3484,-0.9328,-0.7956,0.8800,0.4446,1.4449,0.0074
-0.3484,-0.9328,-0.7956,0.8799,0.4446,1.4448,0.0074
-0.3485,-0.9328,-0.7956,0.8799,0.4446,1.4448,0.0074
-0.3485,-0.9327,-0.7956,0.8798,0.4446,1.4448,0.0074
-0.3485,-0.9327,-0.7956,0.8798,0.4447,1.4448,0.0075
-0.3485,-0.9327,-0.7956,0.8797,0.4447,1.4448,0.0075
-0.3486,-0.9326,-0.7956,0.8797,0.4447,1.4448,0.0075
-0.3486,-0.9326,-0.7956,0.8796,0.4447,1.4448,0.0075
-0.3486,-0.9326,-0.7956,0.8796,0.4447,1.4448,0.0075
-0.3486,-0.9326,-0.7956,0.8795,0.4447,1.4448,0.0075
-0.3487,-0.9325,-0.7956,0.8795,0.4447,1.4448,0.0075
-0.3487,-0.9325,-0.7956,0.8794,0.4447,1.4448,0.0076
-0.3487,-0.9325,-0.7956,0.8794,0.4447,1.4448,0.0076
-0.3487,-0.9325,-0.7956,0.8794,0.4447,1.4447,0.0076
-0.3487,-0.9324,-0.7956,0.8793,0.4447,1.4447,0.0076
-0.3488,-0.9324,-0.7956,0.8793,0.4447,1.4447,0.0076
-0.3488,-0.9324,-0.7956,0.8792,0.4447,1.4447,0.0076
-0.3488,-0.9324,-0.7956,0.8792,0.4447,1.4447,0.0076
-0.3488,-0.9323,-0.7956,0.8791,0.4447,1.4447,0.0076
-0.3488,-0.9323,-0.7956,0.8791,0.4448,1.4447,0.0077
-0.3489,-0.9323,-0.7956,0.8791,0.4448,1.4447,0.0077
-0.3489,-0.9323,-0.7956,0.8790,0.4448,1.4447,0.0077
-0.3489,-0.9322,-0.7956,0.8790,0.4448,1.4447,0.0077
-0.3489,-0.9322,-0.7956,0.8789,0.4448,1.4447,0.0077
-0.3489,-0.9322,-0.7956,0.8789,0.4448,1.4447,0.0077
-0.3490,-0.9322,-0.7956,0.8789,0.4448,1.4447,0.0077
-0.3490,-0.9321,-0.7956,0.8788,0.4448,1.4447,0.0077
-0.3490,-0.9321,-0.7956,0.8788,0.4448,1.4446,0.0078
-0.3490,-0.9321,-0.7956,0.8787,0.4448,1.4446,0.0078
-0.3490,-0.9321,-0.7956,0.8787,0.4448,1.4446,0.0078
-0.3491,-0.9320,-0.7956,0.8787,0.4448,1.4446,0.0078
-0.3491,-0.9320,-0.7956,0.8786,0.4448,1.4446,0.0078
-0.3491,-0.9320,-0.7956,0.8786,0.4448,1.4446,0.0078
-0.3491,-0.9320,-0.7956,0.8785,0.4448,1.4446,0.0078
-0.3491,-0.9320,-0.7956,0.8785,0.4448,1.4446,0.0078
-0.3492,-0.9319,-0.7956,0.8785,0.4448,1.4446,0.0078
-0.3492,-0.9319,-0.7956,0.8784,0.4448,1.4446,0.0079
-0.3492,-0.9319,-0.7956,0.8784,0.4449,1.4446,0.0079
-0.3492,-0.9319,-0.7956,0.8784,0.4449,1.4446,0.0079
-0.3492,-0.9319,-0.7956,0.8783,0.4449,1.4446,0.0079
-0.3492,-0.9318,-0.7956,0.8783,0.4449,1.4446,0.0079
-0.3493,-0.9318,-0.7956,0.8783,0.4449,1.4446,0.0079
-0.3493,-0.9318,-0.7956,0.8782,0.4449,1.4446,0.0079
-0.3493,-0.9318,-0.7956,0.8782,0.4449,1.4445,0.0079
-0.3493,-0.9318,-0.7956,0.8782,0.4449,1.4445,0.0079
-0.3493,-0.9317,-0.7956,0.8781,0.4449,1.4445,0.0079
-0.3493,-0.9317,-0.7956,0.8781,0.4449,1.4445,0.0080
-0.3494,-0.9317,-0.7956,0.8781,0.4449,1.4445,0.0080
-0.3494,-0.9317,-0.7956,0.8780,0.4449,1.4445,0.0080
-0.3494,-0.9317,-0.7956,0.8780,0.4449,1.4445,0.0080
-0.3494,-0.9316,-0.7956,0.8780,0.4449,1.4445,0.0080
-0.3494,-0.9316,-0.7955,0.8779,0.4449,1.4445,0.0080
-0.3494,-0.9316,-0.7955,0.8779,0.4449,1.4445,0.0080
-0.3494,-0.9316,-0.7955,0.8779,0.4449,1.4445,0.0080
-0.3495,-0.9316,-0.7955,0.8779,0.4449,1.4445,0.0080
-0.3495,-0.9316,-0.7955,0.8778,0.4449,1.4445,0.0080
-0.3495,-0.9315,-0.7955,0.8778,0.4449,1.4445,0.0080
-0.3495,-0.9315,-0.7955,0.8778,0.4449,1.4445,0.0081
-0.3495,-0.9315,-0.7955,0.8777,0.4449,1.4445,0.0081
-0.3495,-0.9315,-0.7955,0.8777,0.4450,1.4445,0.0081
-0.3495,-0.9315,-0.7955,0.8777,0.4450,1.4445,0.0081
-0.3496,-0.9315,-0.7955,0.8777,0.4450,1.4445,0.0081
-0.3496,-0.9314,-0.7955,0.8776,0.4450,1.4444,0.0081
-0.3496,-0.9314,-0.7955,0.8776,0.4450,1.4444,0.0081
-0.3496,-0.9314,-0.7955,0.8776,0.4450,1.4444,0.0081
-0.3496,-0.9314,-0.7955,0.8775,0.4450,1.4444,0.0081
-0.3496,-0.9314,-0.7955,0.8775,0.4450,1.4444,0.0081
-0.3496,-0.9314,-0.7955,0.8775,0.4450,1.4444,0.0081
-0.3497,-0.9314,-0.7955,0.8775,0.4450,1.4444,0.0081
-0.3497,-0.9313,-0.7955,0.8774,0.4450,1.4444,0.0082
-0.3497,-0.9313,-0.7955,0.8774,0.4450,1.4444,0.0082
-0.3497,-0.9313,-0.7955,0.8774,0.4450,1.4444,0.0082
-0.3497,-0.9313,-0.7955,0.8774,0.4450,1.4444,0.0082
-0.3497,-0.9313,-0.7955,0.8773,0.4450,1.4444,0.0082
-0.3497,-0.9313,-0.7955,0.8773,0.4450,1.4444,0.0082
-0.3497,-0.9312,-0.7955,0.8773,0.4450,1.4444,0.0082
-0.3497,-0.9312,-0.7955,0.8773,0.4450,1.4444,0.0082
-0.3498,-0.9312,-0.7955,0.8772,0.4450,1.4444,0.0082
-0.3498,-0.9312,-0.7955,0.8772,0.4450,1.4444,0.0082
-0.3498,-0.9312,-0.7955,0.8772,0.4450,1.4444,0.0082
-0.3498,-0.9312,-0.7955,0.8772,0.4450,1.4444,0.0082
-0.3498,-0.9312,-0.7955,0.8772,0.4450,1.4444,0.0082
-0.3498,-0.9312,-0.7955,0.8771,0.4450,1.4444,0.0082
-0.3498,-0.9311,-0.7955,0.8771,0.4450,1.4444,0.0083
-0.3498,-0.9311,-0.7955,0.8771,0.4450,1.4444,0.0083
-0.3499,-0.9311,-0.7955,0.8771,0.4450,1.4444,0.0083
-0.3499,-0.9311,-0.7955,0.8770,0.4450,1.4443,0.0083
-0.3499,-0.9311,-0.7955,0.8770,0.4450,1.4443,0.0083
-0.3499,-0.9311,-0.7955,0.8770,0.4451,1.4443,0.0083
-0.3499,-0.9311,-0.7955,0.8770,0.4451,1.4443,0.0083
-0.3499,-0.9311,-0.7955,0.8770,0.4451,1.4443,0.0083
-0.3499,-0.9310,-0.7955,0.8769,0.4451,1.4443,0.0083
-0.3499,-0.9310,-0.7955,0.8769,0.4451,1.4443,0.0083
-0.3499,-0.9310,-0.7955,0.8769,0.4451,1.4443,0.0083
-0.3499,-0.9310,-0.7955,0.8769,0.4451,1.4443,0.0083
-0.3500,-0.9310,-0.7955,0.8769,0.4451,1.4443,0.0083
-0.3500,-0.9310,-0.7955,0.8768,0.4451,1.4443,0.0083
-0.3500,-0.9310,-0.7955,0.8768,0.4451,1.4443,0.0083
-0.3500,-0.9310,-0.7955,0.8768,0.4451,1.4443,0.0083
-0.3500,-0.9309,-0.7955,0.8768,0.4451,1.4443,0.0084
-0.3500,-0.9309,-0.7955,0.8768,0.4451,1.4443,0.0084
-0.3500,-0.9309,-0.7955,0.8767,0.4451,1.4443,0.0084
-0.3500,-0.9309,-0.7955,0.8767,0.4451,1.4443,0.0084
-0.3500,-0.9309,-0.7955,0.8767,0.4451,1.4443,0.0084
-0.3500,-0.9309,-0.7955,0.8767,0.4451,1.4443,0.0084
-0.3500,-0.9309,-0.7955,0.8767,0.4451,1.4443,0.0084
-0.3501,-0.9309,-0.7955,0.8767,0.4451,1.4443,0.0084
-0.3501,-0.9309,-0.7955,0.8766,0.4451,1.4443,0.0084
-0.3501,-0.9309,-0.7955,0.8766,0.4451,1.4443,0.0084
-0.3501,-0.9308,-0.7955,0.8766,0.4451,1.4443,0.0084
-0.3501,-0.9308,-0.7955,0.8766,0.4451,1.4443,0.0084
-0.3501,-0.9308,-0.7955,0.8766,0.4451,1.4443,0.0084
-0.3501,-0.9308,-0.7955,0.8766,0.4451,1.4443,0.0084
-0.3501,-0.9308,-0.7955,0.8765,0.4451,1.4443,0.0084
-0.3501,-0.9308,-0.7955,0.8765,0.4451,1.4443,0.0084
-0.3501,-0.9308,-0.7955,0.8765,0.4451,1.4443,0.0084
-0.3501,-0.9308,-0.7955,0.8765,0.4451,1.4443,0.0084
-0.3501,-0.9308,-0.7955,0.8765,0.4451,1.4443,0.0084
-0.3502,-0.9308,-0.7955,0.8765,0.4451,1.4442,0.0085
-0.3502,-0.9307,-0.7955,0.8764,0.4451,1.4442,0.0085
-0.3502,-0.9307,-0.7955,0.8764,0.4451,1.4442,0.0085
-0.3502,-0.9307,-0.7955,0.8764,0.4451,1.4442,0.0085
-0.3502,-0.9307,-0.7955,0.8764,0.4451,1.4442,0.0085
-0.3502,-0.9307,-0.7955,0.8764,0.4451,1.4442,0.0085
-0.3502,-0.9307,-0.7955,0.8764,0.4451,1.4442,0.0085
-0.3502,-0.9307,-0.7955,0.8764,0.4451,1.4442,0.0085
-0.3502,-0.9307,-0.7955,0.8763,0.4451,1.4442,0.0085
-0.3502,-0.9307,-0.7955,0.8763,0.4452,1.4442,0.0085
-0.3502,-0.9307,-0.7955,0.8763,0.4452,1.4442,0.0085
-0.3502,-0.9307,-0.7955,0.8763,0.4452,1.4442,0.0085
-0.3502,-0.9307,-0.7955,0.8763,0.4452,1.4442,0.0085
-0.3502,-0.9306,-0.7955,0.8763,0.4452,1.4442,0.0085
-0.3503,-0.9306,-0.7955,0.8763,0.4452,1.4442,0.0085
-0.3503,-0.9306,-0.7955,0.8762,0.4452,1.4442,0.0085
-0.3503,-0.9306,-0.7955,0.8762,0.4452,1.4442,0.0085
-0.3503,-0.9306,-0.7955,0.8762,0.4452,1.4442,0.0085
-0.3503,-0.9306,-0.7955,0.8762,0.4452,1.4442,0.0085
-0.3503,-0.9306,-0.7955,0.8762,0.4452,1.4442,0.0085
-0.3503,-0.9306,-0.7955,0.8762,0.4452,1.4442,0.0085
-0.3503,-0.9306,-0.7955,0.8762,0.4452,1.4442,0.0085
-0.3503,-0.9306,-0.7955,0.8762,0.4452,1.4442,0.0085
-0.3503,-0.9306,-0.7955,0.8761,0.4452,1.4442,0.0085
-0.3503,-0.9306,-0.7955,0.8761,0.4452,1.4442,0.0086
-0.3503,-0.9306,-0.7955,0.8761,0.4452,1.4442,0.0086
-0.3503,-0.9305,-0.7955,0.8761,0.4452,1.4442,0.0086
-0.3503,-0.9305,-0.7955,0.8761,0.4452,1.4442,0.0086
-0.3503,-0.9305,-0.7955,0.8761,0.4452,1.4442,0.0086
-0.3503,-0.9305,-0.7955,0.8761,0.4452,1.4442,0.0086
-0.3504,-0.9305,-0.7955,0.8761,0.4452,1.4442,0.0086
-0.3504,-0.9305,-0.7955,0.8760,0.4452,1.4442,0.0086
-0.3504,-0.9305,-0.7955,0.8760,0.4452,1.4442,0.0086
-0.3504,-0.9305,-0.7955,0.8760,0.4452,1.4442,0.0086
-0.3504,-0.9305,-0.7955,0.8760,0.4452,1.4442,0.0086
-0.3504,-0.9305,-0.7955,0.8760,0.4452,1.4442,0.0086
-0.3504,-0.9305,-0.7955,0.8760,0.4452,1.4442,0.0086
-0.3504,-0.9305,-0.7955,0.8760,0.4452,1.4442,0.0086
-0.3504,-0.9305,-0.7955,0.8760,0.4452,1.4442,0.0086
-0.3504,-0.9305,-0.7955,0.8760,0.4452,1.4442,0.0086
-0.3504,-0.9305,-0.7955,0.8759,0.4452,1.4442,0.0086
-0.3504,-0.9304,-0.7955,0.8759,0.4452,1.4442,0.0086
-0.3504,-0.9304,-0.7955,0.8759,0.4452,1.4442,0.0086
-0.3504,-0.9304,-0.7955,0.8759,0.4452,1.4442,0.0086
-0.3504,-0.9304,-0.7955,0.8759,0.4452,1.4442,0.0086
-0.3504,-0.9304,-0.7955,0.8759,0.4452,1.4442,0.0086
-0.3504,-0.9304,-0.7955,0.8759,0.4452,1.4442,0.0086
-0.3504,-0.9304,-0.7955,0.8759,0.4452,1.4442,0.0086
-0.3504,-0.9304,-0.7955,0.8759,0.4452,1.4441,0.0086
-0.3504,-0.9304,-0.7955,0.8759,0.4452,1.4441,0.0086
-0.3505,-0.9304,-0.7955,0.8758,0.4452,1.4441,0.0086
-0.3505,-0.9304,-0.7955,0.8758,0.4452,1.4441,0.0086
-0.3505,-0.9304,-0.7955,0.8758,0.4452,1.4441,0.0086
-0.3505,-0.9304,-0.7955,0.8758,0.4452,1.4441,0.0086
-0.3505,-0.9304,-0.7955,0.8758,0.4452,1.4441,0.0086
-0.3505,-0.9304,-0.7955,0.8758,0.4452,1.4441,0.0086
-0.3505,-0.9304,-0.7955,0.8758,0.4452,1.4441,0.0087
-0.3505,-0.9304,-0.7955,0.8758,0.4452,1.4441,0.0087
-0.3505,-0.9304,-0.7955,0.8758,0.4452,1.4441,0.0087
-0.3505,-0.9303,-0.7955,0.8758,0.4452,1.4441,0.0087
-0.3505,-0.9303,-0.7955,0.8758,0.4452,1.4441,0.0087
-0.3505,-0.9303,-0.7955,0.8757,0.4452,1.4441,0.0087
-0.3505,-0.9303,-0.7955,0.8757,0.4452,1.4441,0.0087
-0.3505,-0.9303,-0.7955,0.8757,0.4452,1.4441,0.0087
-0.3505,-0.9303,-0.7955,0.8757,0.4452,1.4441,0.0087
-0.3505,-0.9303,-0.7955,0.8757,0.4452,1.4441,0.0087
-0.3505,-0.9303,-0.7955,0.8757,0.4452,1.4441,0.0087
-0.3505,-0.9303,-0.7955,0.8757,0.4452,1.4441,0.0087
-0.3505,-0.9303,-0.7955,0.8757,0.4452,1.4441,0.0087
-0.3505,-0.9303,-0.7955,0.8757,0.4452,1.4441,0.0087
-0.3505,-0.9303,-0.7955,0.8757,0.4452,1.4441,0.0087
-0.3505,-0.9303,-0.7955,0.8757,0.4452,1.4441,0.0087
-0.3505,-0.9303,-0.7955,0.8757,0.4452,1.4441,0.0087
-0.3505,-0.9303,-0.7955,0.8757,0.4452,1.4441,0.0087
-0.3506,-0.9303,-0.7955,0.8756,0.4452,1.4441,0.0087
-0.3506,-0.9303,-0.7955,0.8756,0.4452,1.4441,0.0087
-0.3506,-0.9303,-0.7955,0.8756,0.4452,1.4441,0.0087
-0.3506,-0.9303,-0.7955,0.8756,0.4453,1.4441,0.0087
-0.3506,-0.9303,-0.7955,0.8756,0.4453,1.4441,0.0087
-0.3506,-0.9303,-0.7955,0.8756,0.4453,1.4441,0.0087
-0.3506,-0.9303,-0.7955,0.8756,0.4453,1.4441,0.0087
-0.3506,-0.9302,-0.7955,0.8756,0.4453,1.4441,0.0087
-0.3506,-0.9302,-0.7955,0.8756,0.4453,1.4441,0.0087
-0.3506,-0.9302,-0.7955,0.8756,0.4453,1.4441,0.0087
-0.3506,-0.9302,-0.7955,0.8756,0.4453,1.4441,0.0087
-0.3506,-0.9302,-0.7955,0.8756,0.4453,1.4441,0.0087
-0.3506,-0.9302,-0.7955,0.8756,0.4453,1.4441,0.0087
-0.3506,-0.9302,-0.7955,0.8756,0.4453,1.4441,0.0087
-0.3506,-0.9302,-0.7955,0.8755,0.4453,1.4441,0.0087
-0.3506,-0.9302,-0.7955,0.8755,0.4453,1.4441,0.0087
-0.3506,-0.9302,-0.7955,0.8755,0.4453,1.4441,0.0087
-0.3506,-0.9302,-0.7955,0.8755,0.4453,1.4441,0.0087
-0.3506,-0.9302,-0.7955,0.8755,0.4453,1.4441,0.0087
-0.3506,-0.9302,-0.7955,0.8755,0.4453,1.4441,0.0087
-0.3506,-0.9302,-0.7955,0.8755,0.4453,1.4441,0.0087
-0.3506,-0.9302,-0.7955,0.8755,0.4453,1.4441,0.0087
-0.3506,-0.9302,-0.7955,0.8755,0.4453,1.4441,0.0087
-0.3506,-0.9302,-0.7955,0.8755,0.4453,1.4441,0.0087
-0.3506,-0.9302,-0.7955,0.8755,0.4453,1.4441,0.0087
-0.3506,-0.9302,-0.7955,0.8755,0.4453,1.4441,0.0087
-0.3506,-0.9302,-0.7955,0.8755,0.4453,1.4441,0.0087
-0.3506,-0.9302,-0.7955,0.8755,0.4453,1.4441,0.0087
-0.3506,-0.9302,-0.7955,0.8755,0.4453,1.4441,0.0087
-0.3506,-0.9302,-0.7955,0.8755,0.4453,1.4441,0.0088
-0.3506,-0.9302,-0.7955,0.8755,0.4453,1.4441,0.0088
-0.3507,-0.9302,-0.7955,0.8754,0.4453,1.4441,0.0088
-0.3507,-0.9302,-0.7955,0.8754,0.4453,1.4441,0.0088
-0.3507,-0.9302,-0.7955,0.8754,0.4453,1.4441,0.0088
-0.3507,-0.9302,-0.7955,0.8754,0.4453,1.4441,0.0088
-0.3507,-0.9302,-0.7955,0.8754,0.4453,1.4441,0.0088
-0.3507,-0.9301,-0.7955,0.8754,0.4453,1.4441,0.0088
-0.3507,-0.9301,-0.7955,0.8754,0.4453,1.4441,0.0088
-0.3507,-0.9301,-0.7955,0.8754,0.4453,1.4441,0.0088
-0.3507,-0.9301,-0.7955,0.8754,0.4453,1.4441,0.0088
-0.3507,-0.9301,-0.7955,0.8754,0.4453,1.4441,0.0088
-0.3507,-0.9301,-0.7955,0.8754,0.4453,1.4441,0.0088
-0.3507,-0.9301,-0.7955,0.8754,0.4453,1.4441,0.0088
-0.3507,-0.9301,-0.7955,0.8754,0.4453,1.4441,0.0088
-0.3507,-0.9301,-0.7955,0.8754,0.4453,1.4441,0.0088
-0.3507,-0.9301,-0.7955,0.8754,0.4453,1.4441,0.0088
-0.3507,-0.9301,-0.7955,0.8754,0.4453,1.4441,0.0088
-0.3507,-0.9301,-0.7955,0.8754,0.4453,1.4441,0.0088
-0.3507,-0.9301,-0.7955,0.8754,0.4453,1.4441,0.0088
-0.3507,-0.9301,-0.7955,0.8754,0.4453,1.4441,0.0088
-0.3507,-0.9301,-0.7955,0.8754,0.4453,1.4441,0.0088
-0.3507,-0.9301,-0.7955,0.8753,0.4453,1.4441,0.0088
-0.3507,-0.9301,-0.7955,0.8753,0.4453,1.4441,0.0088
-0.3507,-0.9301,-0.7955,0.8753,0.4453,1.4441,0.0088
-0.3507,-0.9301,-0.7955,0.8753,0.4453,1.4441,0.0088
-0.3507,-0.9301,-0.7955,0.8753,0.4453,1.4441,0.0088
-0.3507,-0.9301,-0.7955,0.8753,0.4453,1.4441,0.0088
-0.3507,-0.9301,-0.7955,0.8753,0.4453,1.4441,0.0088
-0.3507,-0.9301,-0.7955,0.8753,0.4453,1.4441,0.0088
-0.3507,-0.9301,-0.7955,0.8753,0.4453,1.4441,0.0088
-0.3507,-0.9301,-0.7955,0.8753,0.4453,1.4441,0.0088
-0.3507,-0.9301,-0.7955,0.8753,0.4453,1.4441,0.0088
-0.3507,-0.9301,-0.7955,0.8753,0.4453,1.4441,0.0088
-0.3507,-0.9301,-0.7955,0.8753,0.4453,1.4441,0.0088
-0.3507,-0.9301,-0.7955,0.8753,0.4453,1.4441,0.0088
-0.3507,-0.9301,-0.7955,0.8753,0.4453,1.4441,0.0088
-0.3507,-0.9301,-0.7955,0.8753,0.4453,1.4441,0.0088
-0.3507,-0.9301,-0.7955,0.8753,0.4453,1.4440,0.0088
-0.3507,-0.9301,-0.7955,0.8753,0.4453,1.4440,0.0088
-0.3507,-0.9301,-0.7955,0.8753,0.4453,1.4440,0.0088
-0.3507,-0.9301,-0.7955,0.8753,0.4453,1.4440,0.0088
-0.3507,-0.9301,-0.7955,0.8753,0.4453,1.4440,0.0088
-0.3507,-0.9301,-0.7955,0.8753,0.4453,1.4440,0.0088
-0.3507,-0.9301,-0.7955,0.8753,0.4453,1.4440,0.0088
-0.3507,-0.9301,-0.7955,0.8753,0.4453,1.4440,0.0088
-0.3507,-0.9301,-0.7955,0.8753,0.4453,1.4440,0.0088
-0.3507,-0.9300,-0.7955,0.8752,0.4453,1.4440,0.0088
-0.3507,-0.9300,-0.7955,0.8752,0.4453,1.4440,0.0088
-0.3508,-0.9300,-0.7955,0.8752,0.4453,1.4440,0.0088
-0.3508,-0.9300,-0.7955,0.8752,0.4453,1.4440,0.0088
-0.3508,-0.9300,-0.7955,0.8752,0.4453,1.4440,0.0088
-0.3508,-0.9300,-0.7955,0.8752,0.4453,1.4440,0.0088
-0.3508,-0.9300,-0.7955,0.8752,0.4453,1.4440,0.0088
-0.3508,-0.9300,-0.7955,0.8752,0.4453,1.4440,0.0088
-0.3508,-0.9300,-0.7955,0.8752,0.4453,1.4440,0.0088
-0.3508,-0.9300,-0.7955,0.8752,0.4453,1.4440,0.0088
-0.3508,-0.9300,-0.7955,0.8752,0.4453,1.4440,0.0088
-0.3508,-0.9300,-0.7955,0.8752,0.4453,1.4440,0.0088
-0.3508,-0.9300,-0.7955,0.8752,0.4453,1.4440,0.0088
-0.3508,-0.9300,-0.7955,0.8752,0.4453,1.4440,0.0088
-0.3508,-0.9300,-0.7955,0.8752,0.4453,1.4440,0.0088
-0.3508,-0.9300,-0.7955,0.8752,0.4453,1.4440,0.0088
-0.3508,-0.9300,-0.7955,0.8752,0.4453,1.4440,0.0088
-0.3508,-0.9300,-0.7955,0.8752,0.4453,1.4440,0.0088
-0.3508,-0.9300,-0.7955,0.8752,0.4453,1.4440,0.0088
-0.3508,-0.9300,-0.7955,0.8752,0.4453,1.4440,0.0088
-0.3508,-0.9300,-0.7955,0.8752,0.4453,1.4440,0.0088
-0.3508,-0.9300,-0.7955,0.8752,0.4453,1.4440,0.0088
-0.3508,-0.9300,-0.7955,0.8752,0.4453,1.4440,0.0088
-0.3508,-0.9300,-0.7955,0.8752,0.4453,1.4440,0.0088
-0.3508,-0.9300,-0.7955,0.8752,0.4453,1.4440,0.0088
-0.3508,-0.9300,-0.7955,0.8752,0.4453,1.4440,0.0088
-0.3508,-0.9300,-0.7955,0.8752,0.4453,1.4440,0.0088
-0.3508,-0.9300,-0.7955,0.8752,0.4453,1.4440,0.0088
-0.3508,-0.9300,-0.7955,0.8752,0.4453,1.4440,0.0088
-0.3508,-0.9300,-0.7955,0.8752,0.4453,1.4440,0.0088
-0.3508,-0.9300,-0.7955,0.8752,0.4453,1.4440,0.0088
-0.3433,-0.9243,-0.8145,0.8743,0.4597,1.4465,0.0037
-0.3360,-0.9185,-0.8334,0.8735,0.4740,1.4490,-0.0014
-0.3289,-0.9126,-0.8520,0.8727,0.4884,1.4516,-0.0064
-0.3221,-0.9066,-0.8705,0.8719,0.5027,1.4542,-0.0114
-0.3154,-0.9005,-0.8889,0.8712,0.5171,1.4569,-0.0163
-0.3089,-0.8944,-0.9070,0.8704,0.5315,1.4597,-0.0211
-0.3026,-0.8881,-0.9250,0.8697,0.5459,1.4625,-0.0259
-0.2964,-0.8818,-0.9428,0.8690,0.5602,1.4653,-0.0306
-0.2905,-0.8755,-0.9604,0.8683,0.5746,1.4682,-0.0353
-0.2848,-0.8690,-0.9779,0.8677,0.5889,1.4712,-0.0399
-0.2792,-0.8625,-0.9951,0.8670,0.6033,1.4742,-0.0445
-0.2739,-0.8560,-1.0122,0.8664,0.6176,1.4772,-0.0490
-0.2687,-0.8494,-1.0291,0.8658,0.6319,1.4803,-0.0534
-0.2637,-0.8428,-1.0459,0.8653,0.6462,1.4835,-0.0578
-0.2589,-0.8361,-1.0624,0.8648,0.6604,1.4866,-0.0621
-0.2542,-0.8293,-1.0788,0.8643,0.6746,1.4899,-0.0663
-0.2497,-0.8226,-1.0950,0.8638,0.6888,1.4931,-0.0705
-0.2454,-0.8158,-1.1110,0.8633,0.7029,1.4964,-0.0746
-0.2412,-0.8090,-1.1269,0.8629,0.7170,1.4997,-0.0786
-0.2373,-0.8021,-1.1426,0.8625,0.7311,1.5031,-0.0826
-0.2334,-0.7952,-1.1581,0.8622,0.7451,1.5065,-0.0865
-0.2297,-0.7884,-1.1734,0.8619,0.7590,1.5099,-0.0903
-0.2262,-0.7814,-1.1886,0.8616,0.7729,1.5134,-0.0941
-0.2229,-0.7745,-1.2036,0.8613,0.7868,1.5169,-0.0978
-0.2196,-0.7676,-1.2185,0.8611,0.8006,1.5204,-0.1015
-0.2165,-0.7607,-1.2331,0.8608,0.8143,1.5240,-0.1051
-0.2136,-0.7537,-1.2476,0.8607,0.8280,1.5275,-0.1086
-0.2108,-0.7468,-1.2620,0.8605,0.8416,1.5311,-0.1120
-0.2081,-0.7398,-1.2762,0.8604,0.8551,1.5347,-0.1154
-0.2056,-0.7329,-1.2902,0.8603,0.8686,1.5384,-0.1187
-0.2032,-0.7260,-1.3041,0.8602,0.8820,1.5420,-0.1220
-0.2009,-0.7190,-1.3178,0.8601,0.8953,1.5457,-0.1252
-0.1988,-0.7121,-1.3314,0.8601,0.9085,1.5494,-0.1283
-0.1967,-0.7052,-1.3448,0.8601,0.9217,1.5531,-0.1314
-0.1948,-0.6984,-1.3580,0.8601,0.9348,1.5568,-0.1344
-0.1930,-0.6915,-1.3711,0.8602,0.9478,1.5605,-0.1373
-0.1913,-0.6847,-1.3841,0.8602,0.9608,1.5643,-0.1402
-0.1897,-0.6778,-1.3969,0.8603,0.9736,1.5680,-0.1430
-0.1882,-0.6710,-1.4096,0.8604,0.9864,1.5718,-0.1457
-0.1868,-0.6643,-1.4221,0.8606,0.9991,1.5756,-0.1484
-0.1855,-0.6575,-1.4345,0.8607,1.0117,1.5793,-0.1510
-0.1844,-0.6508,-1.4467,0.8609,1.0242,1.5831,-0.1536
-0.1833,-0.6441,-1.4588,0.8611,1.0367,1.5869,-0.1561
-0.1823,-0.6374,-1.4708,0.8613,1.0490,1.5907,-0.1585
-0.1814,-0.6308,-1.4826,0.8616,1.0613,1.5945,-0.1609
-0.1805,-0.6242,-1.4943,0.8618,1.0734,1.5983,-0.1632
-0.1798,-0.6177,-1.5059,0.8621,1.0855,1.6021,-0.1655
-0.1791,-0.6112,-1.5173,0.8624,1.0975,1.6059,-0.1677
-0.1786,-0.6047,-1.5286,0.8627,1.1094,1.6096,-0.1698
-0.1781,-0.5982,-1.5398,0.8630,1.1212,1.6134,-0.1719
-0.1776,-0.5918,-1.5509,0.8633,1.1330,1.6172,-0.1739
-0.1773,-0.5855,-1.5618,0.8637,1.1446,1.6210,-0.1759
-0.1770,-0.5791,-1.5726,0.8640,1.1561,1.6248,-0.1778
-0.1768,-0.5729,-1.5833,0.8644,1.1676,1.6285,-0.1797
-0.1766,-0.5666,-1.5939,0.8648,1.1790,1.6323,-0.1815
-0.1766,-0.5604,-1.6043,0.8652,1.1902,1.6361,-0.1832
-0.1765,-0.5543,-1.6147,0.8656,1.2014,1.6398,-0.1850
-0.1766,-0.5482,-1.6249,0.8660,1.2125,1.6435,-0.1866
-0.1767,-0.5421,-1.6350,0.8664,1.2235,1.6473,-0.1882
-0.1768,-0.5361,-1.6451,0.8669,1.2344,1.6510,-0.1898
-0.1770,-0.5301,-1.6550,0.8673,1.2452,1.6547,-0.1913
-0.1773,-0.5242,-1.6647,0.8678,1.2560,1.6584,-0.1927
-0.1776,-0.5183,-1.6744,0.8682,1.2666,1.6620,-0.1941
-0.1780,-0.5125,-1.6840,0.8687,1.2771,1.6657,-0.1955
-0.1784,-0.5068,-1.6935,0.8692,1.2876,1.6694,-0.1968
-0.1789,-0.5010,-1.7029,0.8697,1.2980,1.6730,-0.1980
-0.1794,-0.4953,-1.7121,0.8702,1.3083,1.6766,-0.1993
-0.1799,-0.4897,-1.7213,0.8706,1.3185,1.6802,-0.2004
-0.1805,-0.4841,-1.7304,0.8712,1.3286,1.6838,-0.2016
-0.1811,-0.4786,-1.7394,0.8717,1.3386,1.6874,-0.2026
-0.1818,-0.4731,-1.7482,0.8722,1.3485,1.6909,-0.2037
-0.1825,-0.4677,-1.7570,0.8727,1.3584,1.6945,-0.2047
-0.1833,-0.4623,-1.7657,0.8732,1.3681,1.6980,-0.2056
-0.1840,-0.4570,-1.7743,0.8737,1.3778,1.7015,-0.2066
-0.1849,-0.4517,-1.7828,0.8743,1.3874,1.7050,-0.2074
-0.1857,-0.4465,-1.7913,0.8748,1.3969,1.7084,-0.2083
-0.1866,-0.4413,-1.7996,0.8753,1.4063,1.7119,-0.2091
-0.1875,-0.4362,-1.8078,0.8759,1.4156,1.7153,-0.2098
-0.1884,-0.4311,-1.8160,0.8764,1.4249,1.7187,-0.2106
-0.1894,-0.4261,-1.8241,0.8770,1.4341,1.7221,-0.2112
-0.1904,-0.4211,-1.8321,0.8775,1.4431,1.7254,-0.2119
-0.1914,-0.4162,-1.8400,0.8780,1.4522,1.7288,-0.2125
-0.1925,-0.4113,-1.8478,0.8786,1.4611,1.7321,-0.2131
-0.1935,-0.4065,-1.8555,0.8791,1.4699,1.7354,-0.2136
-0.1946,-0.4017,-1.8632,0.8797,1.4787,1.7386,-0.2141
-0.1957,-0.3970,-1.8708,0.8802,1.4874,1.7419,-0.2146
-0.1969,-0.3923,-1.8783,0.8808,1.4960,1.7451,-0.2151
-0.1980,-0.3877,-1.8857,0.8813,1.5045,1.7483,-0.2155
-0.1992,-0.3831,-1.8930,0.8819,1.5130,1.7515,-0.2159
-0.2004,-0.3786,-1.9003,0.8824,1.5213,1.7546,-0.2162
-0.2016,-0.3741,-1.9075,0.8830,1.5296,1.7578,-0.2166
-0.2028,-0.3697,-1.9146,0.8835,1.5379,1.7609,-0.2169
-0.2041,-0.3653,-1.9217,0.8841,1.5460,1.7640,-0.2171
-0.2053,-0.3609,-1.9286,0.8846,1.5541,1.7670,-0.2174
-0.2066,-0.3567,-1.9356,0.8851,1.5621,1.7701,-0.2176
-0.2079,-0.3524,-1.9424,0.8857,1.5700,1.7731,-0.2178
-0.2092,-0.3482,-1.9492,0.8862,1.5778,1.7761,-0.2179
-0.2105,-0.3441,-1.9558,0.8867,1.5856,1.7790,-0.2181
-0.2118,-0.3400,-1.9625,0.8873,1.5933,1.7820,-0.2182
-0.2132,-0.3359,-1.9690,0.8878,1.6010,1.7849,-0.2183
-0.2145,-0.3319,-1.9755,0.8883,1.6085,1.7878,-0.2183
-0.2159,-0.3280,-1.9820,0.8889,1.6160,1.7906,-0.2184
-0.2172,-0.3240,-1.9883,0.8894,1.6235,1.7935,-0.2184
-0.2186,-0.3202,-1.9946,0.8899,1.6308,1.7963,-0.2184
-0.2200,-0.3163,-2.0009,0.8904,1.6381,1.7991,-0.2184
-0.2214,-0.3126,-2.0070,0.8910,1.6453,1.8019,-0.2183
-0.2228,-0.3088,-2.0131,0.8915,1.6525,1.8046,-0.2183
-0.2242,-0.3051,-2.0192,0.8920,1.6596,1.8073,-0.2182
-0.2256,-0.3015,-2.0252,0.8925,1.6666,1.8100,-0.2181
-0.2270,-0.2979,-2.0311,0.8930,1.6735,1.8127,-0.2180
-0.2284,-0.2943,-2.0370,0.8935,1.6804,1.8153,-0.2178
-0.2298,-0.2908,-2.0428,0.8940,1.6873,1.8179,-0.2177
-0.2313,-0.2873,-2.0485,0.8945,1.6940,1.8205,-0.2175
-0.2327,-0.2838,-2.0542,0.8950,1.7007,1.8231,-0.2173
-0.2341,-0.2804,-2.0598,0.8955,1.7074,1.8257,-0.2171
-0.2356,-0.2771,-2.0654,0.8959,1.7139,1.8282,-0.2168
-0.2370,-0.2738,-2.0709,0.8964,1.7205,1.8307,-0.2166
-0.2384,-0.2705,-2.0764,0.8969,1.7269,1.8332,-0.2163
-0.2399,-0.2672,-2.0818,0.8974,1.7333,1.8356,-0.2161
-0.2413,-0.2640,-2.0872,0.8978,1.7396,1.8380,-0.2158
-0.2428,-0.2609,-2.0925,0.8983,1.7459,1.8404,-0.2155
-0.2442,-0.2577,-2.0977,0.8988,1.7521,1.8428,-0.2152
-0.2457,-0.2547,-2.1029,0.8992,1.7583,1.8452,-0.2148
-0.2471,-0.2516,-2.1081,0.8997,1.7644,1.8475,-0.2145
-0.2485,-0.2486,-2.1132,0.9001,1.7704,1.8498,-0.2142
-0.2500,-0.2456,-2.1182,0.9006,1.7764,1.8521,-0.2138
-0.2514,-0.2427,-2.1232,0.9010,1.7823,1.8544,-0.2134
-0.2529,-0.2398,-2.1281,0.9015,1.7882,1.8566,-0.2130
-0.2543,-0.2369,-2.1330,0.9019,1.7940,1.8588,-0.2126
-0.2557,-0.2341,-2.1379,0.9023,1.7998,1.8610,-0.2122
-0.2572,-0.2313,-2.1427,0.9027,1.8055,1.8632,-0.2118
-0.2586,-0.2285,-2.1474,0.9032,1.8111,1.8653,-0.2114
-0.2600,-0.2258,-2.1521,0.9036,1.8167,1.8675,-0.2109
-0.2614,-0.2231,-2.1568,0.9040,1.8223,1.8696,-0.2105
-0.2629,-0.2204,-2.1614,0.9044,1.8278,1.8716,-0.2100
-0.2643,-0.2178,-2.1659,0.9048,1.8332,1.8737,-0.2096
-0.2657,-0.2152,-2.1704,0.9052,1.8386,1.8757,-0.2091
-0.2671,-0.2127,-2.1749,0.9056,1.8439,1.8777,-0.2086
-0.2685,-0.2101,-2.1793,0.9060,1.8492,1.8797,-0.2081
-0.2699,-0.2076,-2.1837,0.9064,1.8545,1.8817,-0.2076
-0.2713,-0.2052,-2.1881,0.9068,1.8596,1.8837,-0.2071
-0.2727,-0.2027,-2.1924,0.9072,1.8648,1.8856,-0.2066
-0.2741,-0.2003,-2.1966,0.9076,1.8699,1.8875,-0.2061
-0.2755,-0.1980,-2.2008,0.9079,1.8749,1.8894,-0.2056
-0.2769,-0.1956,-2.2050,0.9083,1.8799,1.8913,-0.2051
-0.2782,-0.1933,-2.2091,0.9087,1.8849,1.8931,-0.2045
-0.2796,-0.1910,-2.2132,0.9090,1.8897,1.8950,-0.2040
-0.2810,-0.1888,-2.2172,0.9094,1.8946,1.8968,-0.2034
-0.2823,-0.1865,-2.2212,0.9098,1.8994,1.8985,-0.2029
-0.2837,-0.1843,-2.2252,0.9101,1.9042,1.9003,-0.2023
-0.2850,-0.1822,-2.2291,0.9105,1.9089,1.9021,-0.2018
-0.2864,-0.1800,-2.2330,0.9108,1.9135,1.9038,-0.2012
-0.2877,-0.1779,-2.2369,0.9111,1.9182,1.9055,-0.2007
-0.2890,-0.1758,-2.2407,0.9115,1.9228,1.9072,-0.2001
-0.2903,-0.1737,-2.2444,0.9118,1.9273,1.9089,-0.1995
-0.2917,-0.1717,-2.2482,0.9121,1.9318,1.9105,-0.1989
-0.2930,-0.1697,-2.2519,0.9125,1.9362,1.9122,-0.1984
-0.2943,-0.1677,-2.2555,0.9128,1.9406,1.9138,-0.1978
-0.2956,-0.1657,-2.2592,0.9131,1.9450,1.9154,-0.1972
-0.2969,-0.1638,-2.2627,0.9134,1.9493,1.9170,-0.1966
-0.2981,-0.1619,-2.2663,0.9137,1.9536,1.9185,-0.1960
-0.2994,-0.1600,-2.2698,0.9140,1.9579,1.9201,-0.1954
-0.3007,-0.1581,-2.2733,0.9143,1.9621,1.9216,-0.1948
-0.3019,-0.1563,-2.2767,0.9146,1.9662,1.9231,-0.1942
-0.3032,-0.1545,-2.2801,0.9149,1.9703,1.9246,-0.1936
-0.3044,-0.1527,-2.2835,0.9152,1.9744,1.9261,-0.1930
-0.3057,-0.1509,-2.2869,0.9155,1.9785,1.9276,-0.1924
-0.3069,-0.1491,-2.2902,0.9158,1.9825,1.9290,-0.1918
-0.3081,-0.1474,-2.2934,0.9161,1.9864,1.9304,-0.1912
-0.3093,-0.1457,-2.2967,0.9164,1.9903,1.9319,-0.1906
-0.3106,-0.1440,-2.2999,0.9167,1.9942,1.9332,-0.1900
-0.3118,-0.1424,-2.3031,0.9169,1.9981,1.9346,-0.1894
-0.3130,-0.1407,-2.3062,0.9172,2.0019,1.9360,-0.1888
-0.3141,-0.1391,-2.3093,0.9175,2.0057,1.9373,-0.1882
-0.3153,-0.1375,-2.3124,0.9177,2.0094,1.9387,-0.1876
-0.3165,-0.1359,-2.3155,0.9180,2.0131,1.9400,-0.1870
-0.3177,-0.1344,-2.3185,0.9183,2.0168,1.9413,-0.1864
-0.3188,-0.1328,-2.3215,0.9185,2.0204,1.9426,-0.1858
-0.3200,-0.1313,-2.3245,0.9188,2.0240,1.9439,-0.1852
-0.3211,-0.1298,-2.3274,0.9190,2.0276,1.9451,-0.1846
-0.3222,-0.1283,-2.3303,0.9193,2.0311,1.9464,-0.1840
-0.3234,-0.1269,-2.3332,0.9195,2.0346,1.9476,-0.1834
-0.3245,-0.1254,-2.3360,0.9198,2.0381,1.9488,-0.1828
-0.3256,-0.1240,-2.3388,0.9200,2.0415,1.9500,-0.1822
-0.3267,-0.1226,-2.3416,0.9202,2.0449,1.9512,-0.1816
-0.3278,-0.1212,-2.3444,0.9205,2.0482,1.9524,-0.1810
-0.3289,-0.1198,-2.3471,0.9207,2.0516,1.9535,-0.1804
-0.3300,-0.1185,-2.3498,0.9209,2.0549,1.9547,-0.1798
-0.3310,-0.1171,-2.3525,0.9211,2.0581,1.9558,-0.1792
-0.3321,-0.1158,-2.3552,0.9214,2.0614,1.9569,-0.1786
-0.3332,-0.1145,-2.3578,0.9216,2.0646,1.9581,-0.1780
-0.3342,-0.1132,-2.3604,0.9218,2.0677,1.9591,-0.1774
-0.3353,-0.1119,-2.3630,0.9220,2.0709,1.9602,-0.1768
-0.3363,-0.1107,-2.3655,0.9222,2.0740,1.9613,-0.1762
-0.3373,-0.1094,-2.3680,0.9224,2.0771,1.9624,-0.1756
-0.3383,-0.1082,-2.3705,0.9226,2.0801,1.9634,-0.1750
-0.3393,-0.1070,-2.3730,0.9228,2.0831,1.9644,-0.1744
-0.3403,-0.1058,-2.3755,0.9230,2.0861,1.9655,-0.1739
-0.3413,-0.1046,-2.3779,0.9232,2.0891,1.9665,-0.1733
-0.3423,-0.1035,-2.3803,0.9234,2.0920,1.9675,-0.1727
-0.3433,-0.1023,-2.3827,0.9236,2.0949,1.9685,-0.1721
-0.3443,-0.1012,-2.3850,0.9238,2.0978,1.9694,-0.1716
-0.3453,-0.1000,-2.3874,0.9240,2.1006,1.9704,-0.1710
-0.3462,-0.0989,-2.3897,0.9242,2.1034,1.9714,-0.1704
-0.3472,-0.0978,-2.3919,0.9244,2.1062,1.9723,-0.1698
-0.3481,-0.0968,-2.3942,0.9246,2.1090,1.9732,-0.1693
-0.3491,-0.0957,-2.3964,0.9247,2.1117,1.9741,-0.1687
-0.3500,-0.0946,-2.3987,0.9249,2.1145,1.9751,-0.1682
-0.3509,-0.0936,-2.4008,0.9251,2.1171,1.9760,-0.1676
-0.3518,-0.0926,-2.4030,0.9253,2.1198,1.9768,-0.1670
-0.3527,-0.0916,-2.4052,0.9254,2.1224,1.9777,-0.1665
-0.3536,-0.0905,-2.4073,0.9256,2.1250,1.9786,-0.1659
-0.3545,-0.0896,-2.4094,0.9258,2.1276,1.9794,-0.1654
-0.3554,-0.0886,-2.4115,0.9259,2.1302,1.9803,-0.1648
-0.3563,-0.0876,-2.4135,0.9261,2.1327,1.9811,-0.1643
-0.3572,-0.0867,-2.4156,0.9263,2.1352,1.9820,-0.1638
-0.3580,-0.0857,-2.4176,0.9264,2.1377,1.9828,-0.1632
-0.3589,-0.0848,-2.4196,0.9266,2.1401,1.9836,-0.1627
-0.3597,-0.0839,-2.4216,0.9267,2.1426,1.9844,-0.1622
-0.3606,-0.0830,-2.4236,0.9269,2.1450,1.9852,-0.1616
-0.3614,-0.0821,-2.4255,0.9270,2.1474,1.9860,-0.1611
-0.3622,-0.0812,-2.4274,0.9272,2.1497,1.9867,-0.1606
-0.3631,-0.0803,-2.4293,0.9273,2.1521,1.9875,-0.1601
-0.3639,-0.0794,-2.4312,0.9275,2.1544,1.9883,-0.1595
-0.3647,-0.0786,-2.4331,0.9276,2.1567,1.9890,-0.1590
-0.3655,-0.0777,-2.4349,0.9278,2.1590,1.9897,-0.1585
-0.3663,-0.0769,-2.4368,0.9279,2.1612,1.9905,-0.1580
-0.3671,-0.0761,-2.4386,0.9280,2.1634,1.9912,-0.1575
-0.3679,-0.0753,-2.4404,0.9282,2.1656,1.9919,-0.1570
-0.3686,-0.0745,-2.4421,0.9283,2.1678,1.9926,-0.1565
-0.3694,-0.0737,-2.4439,0.9284,2.1700,1.9933,-0.1560
-0.3702,-0.0729,-2.4456,0.9286,2.1721,1.9940,-0.1555
-0.3709,-0.0721,-2.4474,0.9287,2.1742,1.9947,-0.1550
-0.3717,-0.0714,-2.4491,0.9288,2.1763,1.9954,-0.1545
-0.3724,-0.0706,-2.4507,0.9290,2.1784,1.9960,-0.1541
-0.3732,-0.0699,-2.4524,0.9291,2.1805,1.9967,-0.1536
-0.3739,-0.0691,-2.4541,0.9292,2.1825,1.9973,-0.1531
-0.3746,-0.0684,-2.4557,0.9293,2.1845,1.9980,-0.1526
-0.3753,-0.0677,-2.4573,0.9295,2.1865,1.9986,-0.1521
-0.3760,-0.0670,-2.4589,0.9296,2.1885,1.9992,-0.1517
-0.3768,-0.0663,-2.4605,0.9297,2.1905,1.9999,-0.1512
-0.3774,-0.0656,-2.4621,0.9298,2.1924,2.0005,-0.1507
-0.3781,-0.0649,-2.4637,0.9299,2.1943,2.0011,-0.1503
-0.3788,-0.0642,-2.4652,0.9300,2.1962,2.0017,-0.1498
-0.3795,-0.0635,-2.4667,0.9302,2.1981,2.0023,-0.1494
-0.3802,-0.0629,-2.4682,0.9303,2.2000,2.0029,-0.1489
-0.3809,-0.0622,-2.4697,0.9304,2.2018,2.0034,-0.1485
-0.3815,-0.0616,-2.4712,0.9305,2.2036,2.0040,-0.1480
-0.3822,-0.0609,-2.4727,0.9306,2.2054,2.0046,-0.1476
-0.3828,-0.0603,-2.4741,0.9307,2.2072,2.0051,-0.1472
-0.3835,-0.0597,-2.4756,0.9308,2.2090,2.0057,-0.1467
-0.3841,-0.0591,-2.4770,0.9309,2.2108,2.0062,-0.1463
-0.3848,-0.0585,-2.4784,0.9310,2.2125,2.0068,-0.1459
-0.3854,-0.0579,-2.4798,0.9311,2.2142,2.0073,-0.1454
-0.3860,-0.0573,-2.4812,0.9312,2.2159,2.0078,-0.1450
-0.3866,-0.0567,-2.4825,0.9313,2.2176,2.0084,-0.1446
-0.3872,-0.0561,-2.4839,0.9314,2.2193,2.0089,-0.1442
-0.3878,-0.0555,-2.4852,0.9315,2.2209,2.0094,-0.1438
-0.3884,-0.0550,-2.4865,0.9316,2.2226,2.0099,-0.1433
-0.3890,-0.0544,-2.4879,0.9317,2.2242,2.0104,-0.1429
-0.3896,-0.0539,-2.4892,0.9318,2.2258,2.0109,-0.1425
-0.3902,-0.0533,-2.4904,0.9319,2.2274,2.0114,-0.1421
-0.3908,-0.0528,-2.4917,0.9320,2.2290,2.0119,-0.1417
-0.3914,-0.0522,-2.4930,0.9320,2.2305,2.0123,-0.1413
-0.3919,-0.0517,-2.4942,0.9321,2.2321,2.0128,-0.1409
-0.3925,-0.0512,-2.4955,0.9322,2.2336,2.0133,-0.1406
-0.3931,-0.0507,-2.4967,0.9323,2.2351,2.0137,-0.1402
-0.3936,-0.0502,-2.4979,0.9324,2.2366,2.0142,-0.1398
-0.3942,-0.0497,-2.4991,0.9325,2.2381,2.0146,-0.1394
-0.3947,-0.0492,-2.5003,0.9326,2.2396,2.0151,-0.1390
-0.3953,-0.0487,-2.5014,0.9326,2.2410,2.0155,-0.1386
-0.3958,-0.0482,-2.5026,0.9327,2.2425,2.0160,-0.1383
-0.3963,-0.0477,-2.5038,0.9328,2.2439,2.0164,-0.1379
-0.3968,-0.0472,-2.5049,0.9329,2.2453,2.0168,-0.1375
-0.3974,-0.0468,-2.5060,0.9330,2.2467,2.0172,-0.1372
-0.3979,-0.0463,-2.5071,0.9330,2.2481,2.0177,-0.1368
-0.3984,-0.0458,-2.5082,0.9331,2.2495,2.0181,-0.1365
-0.3989,-0.0454,-2.5093,0.9332,2.2508,2.0185,-0.1361
-0.3994,-0.0450,-2.5104,0.9333,2.2522,2.0189,-0.1357
-0.3999,-0.0445,-2.5115,0.9333,2.2535,2.0193,-0.1354
-0.4004,-0.0441,-2.5126,0.9334,2.2548,2.0197,-0.1350
-0.4009,-0.0436,-2.5136,0.9335,2.2561,2.0201,-0.1347
-0.4014,-0.0432,-2.5146,0.9335,2.2574,2.0204,-0.1344
-0.4018,-0.0428,-2.5157,0.9336,2.2587,2.0208,-0.1340
-0.4023,-0.0424,-2.5167,0.9337,2.2600,2.0212,-0.1337
-0.4028,-0.0420,-2.5177,0.9338,2.2612,2.0216,-0.1334
-0.4032,-0.0416,-2.5187,0.9338,2.2624,2.0219,-0.1330
-0.4037,-0.0412,-2.5197,0.9339,2.2637,2.0223,-0.1327
-0.4042,-0.0408,-2.5207,0.9340,2.2649,2.0227,-0.1324
-0.4046,-0.0404,-2.5216,0.9340,2.2661,2.0230,-0.1321
-0.4051,-0.0400,-2.5226,0.9341,2.2673,2.0234,-0.1317
-0.4055,-0.0396,-2.5236,0.9341,2.2685,2.0237,-0.1314
-0.4059,-0.0392,-2.5245,0.9342,2.2696,2.0241,-0.1311
-0.4064,-0.0388,-2.5254,0.9343,2.2708,2.0244,-0.1308
-0.4068,-0.0385,-2.5263,0.9343,2.2719,2.0248,-0.1305
-0.4072,-0.0381,-2.5273,0.9344,2.2731,2.0251,-0.1302
-0.4077,-0.0377,-2.5282,0.9345,2.2742,2.0254,-0.1299
-0.4081,-0.0374,-2.5291,0.9345,2.2753,2.0257,-0.1296
-0.4085,-0.0370,-2.5299,0.9346,2.2764,2.0261,-0.1293
-0.4089,-0.0367,-2.5308,0.9346,2.2775,2.0264,-0.1290
-0.4093,-0.0363,-2.5317,0.9347,2.2786,2.0267,-0.1287
-0.4097,-0.0360,-2.5325,0.9347,2.2796,2.0270,-0.1284
-0.4101,-0.0356,-2.5334,0.9348,2.2807,2.0273,-0.1281
-0.4105,-0.0353,-2.5342,0.9349,2.2818,2.0276,-0.1278
-0.4109,-0.0350,-2.5351,0.9349,2.2828,2.0279,-0.1275
-0.4113,-0.0346,-2.5359,0.9350,2.2838,2.0282,-0.1272
-0.4117,-0.0343,-2.5367,0.9350,2.2848,2.0285,-0.1270
-0.4121,-0.0340,-2.5375,0.9351,2.2858,2.0288,-0.1267
-0.4124,-0.0337,-2.5383,0.9351,2.2868,2.0291,-0.1264
-0.4128,-0.0334,-2.5391,0.9352,2.2878,2.0294,-0.1261
-0.4132,-0.0331,-2.5399,0.9352,2.2888,2.0297,-0.1259
-0.4136,-0.0328,-2.5407,0.9353,2.2898,2.0299,-0.1256
-0.4139,-0.0325,-2.5415,0.9353,2.2907,2.0302,-0.1253
-0.4143,-0.0322,-2.5422,0.9354,2.2917,2.0305,-0.1251
-0.4146,-0.0319,-2.5430,0.9354,2.2926,2.0308,-0.1248
-0.4150,-0.0316,-2.5437,0.9355,2.2935,2.0310,-0.1246
-0.4153,-0.0313,-2.5444,0.9355,2.2945,2.0313,-0.1243
-0.4157,-0.0310,-2.5452,0.9356,2.2954,2.0316,-0.1240
-0.4160,-0.0307,-2.5459,0.9356,2.2963,2.0318,-0.1238
-0.4164,-0.0304,-2.5466,0.9357,2.2972,2.0321,-0.1235
-0.4167,-0.0301,-2.5473,0.9357,2.2980,2.0323,-0.1233
-0.4170,-0.0299,-2.5480,0.9357,2.2989,2.0326,-0.1231
-0.4174,-0.0296,-2.5487,0.9358,2.2998,2.0328,-0.1228
-0.4177,-0.0293,-2.5494,0.9358,2.3006,2.0331,-0.1226
-0.4180,-0.0291,-2.5501,0.9359,2.3015,2.0333,-0.1223
-0.4183,-0.0288,-2.5508,0.9359,2.3023,2.0336,-0.1221
-0.4187,-0.0286,-2.5514,0.9360,2.3032,2.0338,-0.1219
-0.4190,-0.0283,-2.5521,0.9360,2.3040,2.0340,-0.1216
-0.4193,-0.0280,-2.5528,0.9360,2.3048,2.0343,-0.1214
-0.4196,-0.0278,-2.5534,0.9361,2.3056,2.0345,-0.1212
-0.4199,-0.0275,-2.5540,0.9361,2.3064,2.0347,-0.1209
-0.4202,-0.0273,-2.5547,0.9362,2.3072,2.0349,-0.1207
-0.4205,-0.0271,-2.5553,0.9362,2.3080,2.0352,-0.1205
-0.4208,-0.0268,-2.5559,0.9362,2.3088,2.0354,-0.1203
-0.4211,-0.0266,-2.5565,0.9363,2.3095,2.0356,-0.1201
-0.4214,-0.0263,-2.5572,0.9363,2.3103,2.0358,-0.1198
-0.4217,-0.0261,-2.5578,0.9364,2.3111,2.0360,-0.1196
-0.4220,-0.0259,-2.5584,0.9364,2.3118,2.0362,-0.1194
-0.4222,-0.0257,-2.5590,0.9364,2.3125,2.0364,-0.1192
-0.4225,-0.0254,-2.5595,0.9365,2.3133,2.0366,-0.1190
-0.4228,-0.0252,-2.5601,0.9365,2.3140,2.0369,-0.1188
-0.4231,-0.0250,-2.5607,0.9365,2.3147,2.0371,-0.1186
-0.4234,-0.0248,-2.5613,0.9366,2.3154,2.0373,-0.1184
-0.4236,-0.0246,-2.5618,0.9366,2.3161,2.0374,-0.1182
